0.049247,0.084136,0.053242,0.051201,0.050930,0.078654,0.097241,0.105502,0.053430,0.077434,0.078257,0.061265,0.051250,0.053997,0.054215
0.049282,0.083812,0.053404,0.051168,0.051077,0.078927,0.096301,0.106291,0.053611,0.074764,0.077621,0.061170,0.051650,0.055876,0.055045
0.049164,0.082925,0.053667,0.051748,0.051289,0.077684,0.094700,0.105613,0.052942,0.074060,0.082082,0.060702,0.052019,0.055681,0.055724
0.049123,0.082237,0.053716,0.051811,0.051409,0.075016,0.093939,0.105548,0.052511,0.074464,0.084065,0.060443,0.053312,0.055804,0.056604
0.049202,0.083436,0.053634,0.051712,0.051469,0.071921,0.095107,0.107116,0.052188,0.071758,0.085029,0.060957,0.053464,0.055966,0.057041
0.049350,0.084486,0.053893,0.052030,0.051632,0.070505,0.097288,0.107932,0.053008,0.068409,0.084197,0.061398,0.053634,0.054896,0.057342
0.049429,0.085274,0.054571,0.052142,0.051938,0.068899,0.098562,0.107496,0.054270,0.065241,0.084133,0.061646,0.053725,0.055355,0.057319
0.049381,0.083832,0.054726,0.051671,0.052659,0.069032,0.097844,0.107395,0.054951,0.061620,0.084898,0.061299,0.052941,0.057801,0.059950
0.049183,0.083340,0.054268,0.051482,0.052206,0.068490,0.094461,0.107223,0.054273,0.066907,0.084868,0.060921,0.052199,0.060205,0.059975
0.049111,0.083641,0.054279,0.051183,0.051694,0.069077,0.090589,0.107392,0.054150,0.073491,0.083313,0.060961,0.051599,0.060981,0.058540
0.048920,0.082500,0.053712,0.050526,0.050953,0.069739,0.090287,0.104801,0.053924,0.081067,0.084056,0.060582,0.052509,0.060000,0.056425
0.049560,0.087827,0.054175,0.050683,0.051184,0.067894,0.087457,0.106306,0.053907,0.080441,0.081195,0.062708,0.052791,0.058497,0.055375
0.049547,0.086864,0.055049,0.050870,0.051198,0.068982,0.096846,0.103861,0.054464,0.078767,0.077042,0.062404,0.052055,0.057763,0.054287
0.049125,0.084678,0.054771,0.050854,0.051134,0.068813,0.099311,0.100984,0.054342,0.081682,0.073659,0.061688,0.052228,0.058841,0.057890
0.048901,0.083433,0.054388,0.051033,0.051154,0.067792,0.100639,0.099525,0.055622,0.080382,0.076960,0.061407,0.052278,0.058042,0.058444
0.048945,0.084498,0.054039,0.051451,0.050991,0.068986,0.100265,0.099813,0.055704,0.076239,0.076615,0.061867,0.054526,0.058220,0.057842
0.048940,0.084370,0.053528,0.051226,0.050670,0.068673,0.097820,0.101253,0.056995,0.070956,0.077603,0.061986,0.058559,0.059136,0.058285
0.049162,0.085329,0.053555,0.052153,0.051118,0.069334,0.096912,0.101590,0.056464,0.066633,0.079636,0.062598,0.059571,0.058936,0.057009
0.049911,0.086277,0.054289,0.052065,0.051461,0.073703,0.092907,0.105448,0.055474,0.062427,0.080757,0.063148,0.058739,0.057695,0.055699
0.050346,0.086907,0.054625,0.051963,0.051990,0.074435,0.094330,0.108689,0.054717,0.060081,0.079375,0.063692,0.057320,0.056975,0.054553
0.050248,0.087357,0.054601,0.052172,0.051970,0.074239,0.096241,0.108565,0.054135,0.060188,0.076322,0.064012,0.056365,0.057910,0.055675
0.050512,0.087128,0.055403,0.051772,0.051596,0.073693,0.094579,0.108676,0.054205,0.059311,0.078484,0.064256,0.055200,0.058187,0.056998
0.050366,0.086683,0.055899,0.051649,0.051469,0.072505,0.094829,0.110045,0.053522,0.061071,0.080025,0.064303,0.054478,0.056728,0.056428
0.050033,0.086081,0.055516,0.051452,0.051388,0.070283,0.099006,0.109364,0.053077,0.064102,0.080212,0.064125,0.053633,0.056133,0.055595
0.049574,0.084591,0.055357,0.051006,0.051065,0.069883,0.100303,0.106600,0.052580,0.065274,0.087423,0.063354,0.053770,0.054989,0.054230
0.049432,0.084638,0.054875,0.051249,0.051012,0.069894,0.100925,0.105614,0.052218,0.065452,0.090373,0.063224,0.054032,0.053502,0.053560
0.049270,0.084104,0.054803,0.051068,0.050916,0.068843,0.102584,0.102521,0.052499,0.063170,0.091377,0.062913,0.057558,0.054129,0.054246
0.049135,0.083852,0.055027,0.051227,0.050716,0.068232,0.101191,0.103619,0.053808,0.064319,0.088154,0.062661,0.059754,0.054313,0.053992
0.049143,0.084294,0.055408,0.051098,0.050741,0.068055,0.101177,0.104738,0.053904,0.065260,0.083704,0.062777,0.059557,0.056265,0.053878
0.049442,0.085411,0.055400,0.050820,0.051087,0.070774,0.100459,0.106507,0.053597,0.065412,0.079639,0.063157,0.058312,0.056082,0.053901
0.049370,0.085630,0.055238,0.050535,0.052322,0.077467,0.100265,0.105365,0.052733,0.066384,0.076023,0.063117,0.056579,0.055591,0.053383
0.049329,0.086723,0.055191,0.050359,0.052381,0.076998,0.098697,0.105129,0.052594,0.067752,0.077460,0.063402,0.055834,0.055146,0.053004
0.049494,0.088186,0.055350,0.050347,0.052167,0.075769,0.094668,0.106903,0.052558,0.068426,0.076928,0.063985,0.055787,0.055948,0.053484
0.049625,0.088947,0.055282,0.050724,0.051719,0.075081,0.089850,0.108391,0.052836,0.066673,0.078894,0.064390,0.054818,0.057677,0.055093
0.049780,0.090146,0.055425,0.051471,0.051401,0.073971,0.086250,0.109757,0.053261,0.064601,0.077464,0.064863,0.056297,0.059632,0.055683
0.049987,0.090661,0.055569,0.052088,0.051485,0.072504,0.087144,0.111727,0.054060,0.062085,0.077215,0.065191,0.055721,0.058796,0.055768
0.049820,0.090773,0.055027,0.053713,0.051113,0.071350,0.088815,0.109189,0.053650,0.060108,0.080588,0.065113,0.055782,0.059033,0.055926
0.049508,0.089513,0.055085,0.054913,0.050971,0.072164,0.091207,0.105811,0.053135,0.058286,0.085293,0.064525,0.055544,0.058525,0.055519
0.049138,0.087502,0.054398,0.054601,0.050922,0.072480,0.096530,0.101931,0.054742,0.057807,0.088368,0.063684,0.054637,0.057587,0.055674
0.049183,0.086875,0.054050,0.054758,0.051330,0.075362,0.101644,0.102196,0.054465,0.056507,0.086190,0.063433,0.053352,0.055957,0.054700
0.049184,0.087210,0.053900,0.055858,0.051195,0.077854,0.101673,0.103478,0.053955,0.055346,0.082287,0.063536,0.054070,0.056049,0.054404
0.049308,0.089161,0.054409,0.055799,0.051125,0.076862,0.100941,0.102933,0.053976,0.055041,0.079521,0.064115,0.056291,0.056120,0.054399
0.049414,0.090643,0.054539,0.055541,0.051596,0.072919,0.100027,0.102474,0.054950,0.055464,0.076846,0.064413,0.057160,0.055406,0.058606
0.049420,0.090854,0.054735,0.056740,0.052642,0.070160,0.099183,0.102148,0.055525,0.056459,0.075730,0.064521,0.056625,0.055426,0.059832
0.049427,0.090627,0.054690,0.057275,0.052551,0.067365,0.097889,0.104890,0.055013,0.058186,0.074640,0.064559,0.056150,0.056463,0.060275
0.049594,0.090223,0.054565,0.057768,0.052037,0.066494,0.098157,0.106933,0.054074,0.060069,0.074179,0.064442,0.055584,0.056033,0.059849
0.049743,0.090876,0.054598,0.056601,0.051757,0.065084,0.098623,0.108853,0.053265,0.062778,0.074174,0.064620,0.055046,0.054888,0.059093
0.050070,0.092609,0.055044,0.055101,0.051741,0.064518,0.096555,0.112394,0.053229,0.063012,0.073753,0.065414,0.054270,0.054666,0.057626
0.050181,0.092401,0.055020,0.053768,0.051640,0.063805,0.093298,0.115325,0.053294,0.061068,0.075980,0.065358,0.055030,0.056556,0.057274
0.050046,0.091482,0.054916,0.053101,0.051338,0.067520,0.092365,0.115228,0.054348,0.059135,0.075159,0.064951,0.054923,0.058163,0.057325
0.049859,0.091482,0.055202,0.053890,0.051132,0.069698,0.094543,0.114371,0.055012,0.057255,0.074933,0.064760,0.053963,0.056727,0.057172
0.050107,0.094097,0.055475,0.053769,0.051414,0.069460,0.094068,0.115738,0.054965,0.056038,0.073966,0.065686,0.053371,0.055763,0.056082
0.050429,0.095575,0.056256,0.053264,0.052076,0.068653,0.091711,0.115821,0.055984,0.055229,0.075345,0.066345,0.053390,0.055064,0.054856
0.050411,0.094323,0.056005,0.052207,0.052281,0.068687,0.088200,0.111975,0.056272,0.056390,0.082003,0.065658,0.052920,0.057419,0.055248
0.050761,0.094813,0.056710,0.051811,0.053732,0.067818,0.084034,0.112053,0.056274,0.056359,0.081184,0.065796,0.053228,0.059678,0.055749
0.050830,0.093838,0.056460,0.051376,0.053824,0.070140,0.083245,0.111834,0.055779,0.055702,0.082619,0.065578,0.054170,0.059820,0.054783
0.050504,0.093402,0.055675,0.051612,0.053241,0.072169,0.083824,0.111914,0.055690,0.054725,0.081410,0.065367,0.054141,0.059809,0.056519
0.050600,0.093687,0.055434,0.051792,0.052880,0.075967,0.082316,0.114663,0.055008,0.054327,0.078990,0.065579,0.053663,0.057849,0.057245
0.050215,0.091329,0.054852,0.051430,0.051889,0.091558,0.081332,0.114050,0.053995,0.054170,0.075147,0.064651,0.052596,0.055762,0.057023
0.050108,0.091533,0.054725,0.051247,0.051492,0.091431,0.080036,0.115347,0.053818,0.055562,0.076708,0.064633,0.052047,0.054441,0.056874
0.050016,0.092024,0.054692,0.051503,0.051906,0.089568,0.082649,0.116813,0.053735,0.056067,0.074642,0.064725,0.052176,0.053623,0.055861
0.049221,0.094100,0.054249,0.051007,0.051256,0.086444,0.086727,0.120460,0.052664,0.057437,0.071424,0.064805,0.052544,0.052034,0.055626
0.048564,0.095571,0.053665,0.051529,0.050442,0.084582,0.088380,0.124115,0.052293,0.058344,0.069224,0.064800,0.052408,0.050932,0.055151
0.048979,0.095345,0.054169,0.052279,0.050587,0.082073,0.088978,0.124923,0.052745,0.058024,0.068473,0.065087,0.052029,0.051575,0.054734
0.048728,0.094603,0.054069,0.054360,0.050216,0.077712,0.094748,0.123729,0.052179,0.056050,0.070379,0.064698,0.051364,0.053447,0.053718
0.048387,0.093070,0.053559,0.055049,0.049783,0.075706,0.099833,0.119687,0.051448,0.053951,0.077554,0.063983,0.051201,0.054283,0.052509
0.048636,0.092487,0.053820,0.054750,0.049950,0.073626,0.098965,0.117120,0.052435,0.055124,0.081539,0.064002,0.050913,0.053772,0.052861
0.049299,0.091746,0.054540,0.053646,0.050736,0.073506,0.093552,0.115451,0.054701,0.058538,0.082400,0.064143,0.051472,0.053213,0.053058
0.049393,0.089877,0.055409,0.053986,0.050749,0.072869,0.101204,0.110610,0.054220,0.059676,0.079859,0.063656,0.051241,0.052675,0.054575
0.049583,0.089697,0.055623,0.054298,0.050844,0.070486,0.106435,0.108295,0.055081,0.059186,0.076792,0.063906,0.052656,0.052147,0.054971
0.049787,0.090530,0.055618,0.053919,0.050925,0.067118,0.109340,0.107210,0.055424,0.057918,0.072428,0.064378,0.053486,0.052016,0.059900
0.049803,0.090596,0.056384,0.053203,0.050762,0.066774,0.110138,0.104217,0.058521,0.056660,0.071451,0.064570,0.053139,0.053383,0.060401
0.049760,0.091225,0.056727,0.052722,0.050779,0.067525,0.110165,0.102039,0.059835,0.056084,0.072614,0.064818,0.052721,0.054495,0.058489
0.049652,0.092219,0.056872,0.052058,0.051284,0.069213,0.108428,0.098889,0.059018,0.057080,0.071543,0.065088,0.053316,0.057180,0.058161
0.049624,0.092108,0.056704,0.052132,0.051274,0.068306,0.104353,0.103611,0.058481,0.057532,0.072962,0.065098,0.053880,0.056215,0.057719
0.049589,0.092441,0.056240,0.051707,0.051097,0.069010,0.099161,0.105796,0.057826,0.058412,0.075769,0.065364,0.055450,0.055224,0.056915
0.049424,0.091565,0.055520,0.051105,0.050809,0.072277,0.096447,0.105531,0.057310,0.059373,0.073912,0.065141,0.058621,0.055652,0.057312
0.049353,0.091561,0.055381,0.050922,0.050618,0.076648,0.095735,0.104191,0.056737,0.058238,0.074008,0.065369,0.058241,0.055710,0.057288
0.049598,0.093497,0.056477,0.051091,0.050873,0.077824,0.093954,0.102165,0.055949,0.057836,0.072801,0.066313,0.059486,0.055082,0.057054
0.049954,0.094814,0.057336,0.051518,0.051047,0.077111,0.089948,0.104147,0.054964,0.056887,0.073411,0.067064,0.059208,0.055621,0.056970
0.049563,0.092583,0.056354,0.050892,0.050438,0.079372,0.086155,0.104141,0.053835,0.055349,0.081639,0.065836,0.057880,0.055797,0.060166
0.049076,0.091395,0.055994,0.050888,0.049868,0.077367,0.084337,0.100722,0.057459,0.054547,0.081935,0.065040,0.063270,0.058174,0.059928
0.048983,0.091531,0.056377,0.050805,0.049732,0.075969,0.085769,0.098698,0.059969,0.055662,0.081671,0.064992,0.063523,0.056916,0.059402
0.049088,0.092771,0.056468,0.051046,0.049838,0.074548,0.088195,0.095992,0.061631,0.056378,0.082593,0.065311,0.061216,0.056438,0.058486
0.049365,0.094377,0.056725,0.051727,0.050127,0.072133,0.093563,0.094027,0.062267,0.056616,0.080778,0.065916,0.058553,0.056236,0.057590
0.049603,0.095371,0.056489,0.052256,0.050309,0.070807,0.096066,0.091223,0.062050,0.055815,0.077258,0.066204,0.059567,0.058174,0.058806
0.049244,0.092468,0.055443,0.055717,0.050092,0.071161,0.096957,0.092730,0.061650,0.055125,0.074814,0.064925,0.059196,0.058580,0.061898
0.049340,0.092962,0.055249,0.057027,0.050292,0.070443,0.100144,0.090605,0.059944,0.054732,0.073547,0.065104,0.060372,0.058587,0.061652
0.052040,0.093833,0.055414,0.055816,0.050300,0.073058,0.096313,0.093954,0.057964,0.055501,0.071468,0.065359,0.059525,0.058568,0.060886
0.051854,0.089517,0.055638,0.053875,0.049499,0.073488,0.094576,0.095360,0.054602,0.059002,0.081744,0.063414,0.059435,0.058674,0.059323
0.051381,0.088728,0.057023,0.054120,0.049215,0.074624,0.095457,0.094565,0.054197,0.058425,0.083246,0.063088,0.059151,0.058828,0.057952
0.050933,0.089215,0.057174,0.057448,0.049282,0.074769,0.096629,0.092756,0.053405,0.058321,0.084000,0.063253,0.057394,0.057208,0.058211
0.050410,0.090813,0.057377,0.059307,0.049929,0.074074,0.097772,0.092527,0.053080,0.058610,0.082329,0.063911,0.055833,0.056399,0.057627
0.050063,0.092022,0.057140,0.059868,0.050210,0.072020,0.097816,0.095350,0.053975,0.057248,0.081553,0.064262,0.054482,0.054725,0.059266
0.049678,0.091585,0.056848,0.063184,0.050041,0.072118,0.095760,0.095610,0.054571,0.056764,0.082390,0.063859,0.053549,0.053593,0.060450
0.049212,0.090797,0.056901,0.064121,0.049815,0.075194,0.094085,0.096837,0.055171,0.055892,0.081065,0.063604,0.052792,0.053938,0.060574
0.049110,0.091757,0.057116,0.063949,0.049836,0.075225,0.096321,0.096964,0.056038,0.054851,0.079954,0.063996,0.052166,0.053664,0.059054
0.049226,0.093996,0.057908,0.061780,0.050050,0.076936,0.095870,0.096260,0.056833,0.054537,0.077798,0.064852,0.052851,0.053324,0.057779
0.049441,0.095307,0.057735,0.058918,0.050191,0.077771,0.093840,0.095386,0.057455,0.054213,0.079249,0.065417,0.053239,0.053951,0.057888
0.049641,0.096560,0.057590,0.056688,0.050473,0.077549,0.094155,0.094842,0.057800,0.053970,0.078250,0.065842,0.054249,0.054816,0.057575
0.049456,0.094712,0.056639,0.055242,0.050236,0.077514,0.092364,0.100541,0.056746,0.055568,0.079651,0.065273,0.053557,0.054922,0.057580
0.049557,0.095031,0.056884,0.054251,0.050303,0.076573,0.089412,0.104135,0.055633,0.056665,0.080367,0.065586,0.053845,0.054603,0.057154
0.049761,0.096892,0.057955,0.054491,0.050631,0.076675,0.085558,0.102542,0.055126,0.060344,0.078613,0.066480,0.053646,0.053950,0.057337
0.049717,0.096300,0.058152,0.055318,0.050595,0.076204,0.086854,0.099928,0.055159,0.060834,0.077873,0.066598,0.055911,0.052775,0.057782
0.049757,0.096105,0.058364,0.056441,0.050691,0.072993,0.089773,0.100283,0.057947,0.059639,0.074321,0.066785,0.055638,0.052359,0.058904
0.049500,0.094552,0.057773,0.057302,0.050687,0.072123,0.097069,0.097352,0.058633,0.058106,0.071089,0.066087,0.056759,0.053510,0.059457
0.049336,0.093925,0.057270,0.058332,0.050643,0.070709,0.099153,0.093082,0.058026,0.056442,0.078378,0.065670,0.056656,0.053187,0.059192
0.049386,0.093610,0.056995,0.061211,0.050841,0.068997,0.101718,0.089774,0.058114,0.055340,0.081980,0.065509,0.055508,0.052737,0.058280
0.049340,0.093628,0.056971,0.064943,0.050935,0.071135,0.102167,0.084737,0.057037,0.056696,0.081797,0.065500,0.053940,0.053617,0.057559
0.049701,0.094699,0.056953,0.064919,0.051166,0.072671,0.100229,0.080995,0.057559,0.057688,0.083545,0.066030,0.053336,0.053943,0.056566
0.049576,0.093311,0.056263,0.062376,0.052427,0.073836,0.102434,0.081040,0.058069,0.057740,0.084288,0.065505,0.052860,0.053762,0.056513
0.049829,0.091684,0.055720,0.059481,0.053198,0.073544,0.100824,0.092881,0.057364,0.057229,0.080608,0.064912,0.052695,0.053097,0.056935
0.050482,0.092000,0.055973,0.057540,0.052758,0.077240,0.097033,0.097148,0.056660,0.056532,0.076541,0.065152,0.055153,0.052249,0.057538
0.050315,0.091852,0.056075,0.057497,0.052320,0.077799,0.095017,0.096332,0.056630,0.055829,0.075867,0.064980,0.056570,0.053609,0.059307
0.050160,0.093259,0.056515,0.056777,0.053639,0.077655,0.090915,0.097330,0.057948,0.055382,0.073831,0.065633,0.056446,0.054884,0.059624
0.049315,0.090380,0.055868,0.055840,0.054605,0.087832,0.088156,0.093463,0.057785,0.054182,0.077362,0.064427,0.055448,0.054115,0.061222
0.048983,0.089548,0.055643,0.057981,0.054098,0.086742,0.093432,0.092561,0.057046,0.054014,0.078266,0.063999,0.054513,0.052936,0.060240
0.048824,0.087552,0.055803,0.058671,0.052901,0.084379,0.095130,0.096601,0.055980,0.054182,0.080259,0.063233,0.054109,0.052754,0.059620
0.048680,0.085753,0.055991,0.057702,0.051821,0.085151,0.095447,0.097997,0.056779,0.054295,0.082274,0.062319,0.054056,0.051816,0.059920
0.048752,0.086350,0.056015,0.056956,0.050928,0.087960,0.097163,0.096317,0.057720,0.053631,0.079750,0.062348,0.052798,0.051060,0.062251
0.048980,0.087491,0.056580,0.057257,0.050986,0.087696,0.096522,0.099031,0.058662,0.053265,0.076648,0.063124,0.051827,0.050590,0.061340
0.048983,0.087099,0.057441,0.059830,0.050831,0.082807,0.096838,0.101612,0.059135,0.053577,0.073592,0.063048,0.052514,0.051990,0.060701
0.049146,0.086573,0.057625,0.061648,0.050560,0.077308,0.098547,0.104145,0.058210,0.054502,0.072318,0.063058,0.052875,0.052581,0.060904
0.049084,0.085922,0.057871,0.061456,0.050220,0.073646,0.100481,0.103396,0.057819,0.056166,0.072974,0.062876,0.054988,0.053825,0.059273
0.049068,0.087151,0.057702,0.060209,0.050080,0.073092,0.101227,0.103935,0.056461,0.055606,0.074646,0.063023,0.055011,0.053750,0.059039
0.049115,0.089002,0.057494,0.058166,0.050684,0.074475,0.102531,0.102706,0.055313,0.054628,0.074619,0.063324,0.054175,0.053585,0.060184
0.049297,0.090679,0.057710,0.056965,0.051007,0.074094,0.103433,0.101054,0.054895,0.054146,0.075980,0.063858,0.053523,0.053989,0.059369
0.049141,0.089153,0.057983,0.055393,0.050900,0.076836,0.101830,0.101007,0.054177,0.053460,0.079581,0.063267,0.054961,0.053902,0.058409
0.049163,0.089630,0.057998,0.055357,0.050755,0.076341,0.102635,0.101408,0.054101,0.053874,0.078902,0.063260,0.054463,0.053240,0.058872
0.048877,0.090080,0.058332,0.055494,0.051128,0.074821,0.101375,0.097226,0.060539,0.054691,0.078856,0.062886,0.052991,0.055516,0.057189
0.048950,0.092047,0.058894,0.054687,0.051669,0.073138,0.101300,0.093087,0.062754,0.057213,0.078768,0.063229,0.052697,0.055322,0.056244
0.048995,0.091605,0.058843,0.053414,0.052062,0.069302,0.097434,0.101936,0.061116,0.059562,0.077622,0.063007,0.053390,0.056250,0.055462
0.049243,0.093262,0.058709,0.053049,0.052110,0.067154,0.098468,0.104608,0.059709,0.059547,0.074248,0.063553,0.053363,0.058091,0.054886
0.049487,0.095111,0.058730,0.053191,0.052426,0.064651,0.096630,0.107121,0.058696,0.060548,0.070710,0.064346,0.052865,0.057534,0.057956
0.049567,0.095139,0.058687,0.052534,0.052098,0.064108,0.097576,0.107036,0.057862,0.060187,0.069830,0.064619,0.052241,0.056142,0.062374
0.049830,0.095257,0.058691,0.052299,0.052143,0.063909,0.098483,0.108759,0.057216,0.059310,0.067145,0.064872,0.051887,0.056317,0.063881
0.050015,0.095181,0.058575,0.052726,0.052076,0.064357,0.099761,0.110726,0.055896,0.057624,0.067916,0.064883,0.051937,0.056282,0.062046
0.049934,0.094758,0.058845,0.053068,0.052037,0.064730,0.101232,0.110634,0.054974,0.056716,0.067959,0.064871,0.051713,0.057523,0.061005
0.049701,0.092461,0.058903,0.052820,0.052507,0.066436,0.104584,0.107777,0.054710,0.057119,0.070365,0.064024,0.051692,0.057560,0.059342
0.049491,0.089879,0.058551,0.053133,0.052197,0.067323,0.104959,0.105455,0.055197,0.058312,0.074126,0.063077,0.051830,0.056594,0.059876
0.049203,0.089553,0.057788,0.055542,0.051703,0.067042,0.105022,0.103698,0.054448,0.059087,0.077480,0.062810,0.052258,0.054916,0.059451
0.049165,0.088452,0.057422,0.057330,0.051489,0.068237,0.104380,0.102044,0.055364,0.059558,0.079114,0.062529,0.052572,0.053405,0.058937
0.049281,0.087808,0.057283,0.056377,0.051456,0.070659,0.103926,0.102815,0.055597,0.058726,0.079526,0.062482,0.052492,0.052812,0.058761
0.049162,0.086868,0.057470,0.055463,0.051490,0.072607,0.102021,0.103025,0.055120,0.057343,0.080900,0.062021,0.052788,0.052564,0.061159
0.048999,0.087242,0.057219,0.054775,0.051470,0.072963,0.100816,0.103489,0.055010,0.056421,0.082833,0.062006,0.052527,0.053055,0.061174
0.048902,0.087191,0.056788,0.053372,0.051272,0.072943,0.098423,0.103305,0.055140,0.055863,0.085230,0.061710,0.052490,0.054580,0.062791
0.048876,0.087292,0.056997,0.051978,0.051881,0.075462,0.098041,0.102860,0.055846,0.055162,0.084559,0.061732,0.052806,0.055164,0.061344
0.048848,0.087267,0.056386,0.053875,0.051763,0.074433,0.099821,0.101436,0.056003,0.054960,0.083762,0.061579,0.055410,0.054142,0.060317
0.048972,0.089093,0.056068,0.055975,0.051577,0.071491,0.102712,0.100459,0.055201,0.054730,0.083351,0.062248,0.055569,0.053222,0.059332
0.049101,0.090972,0.056077,0.056791,0.051263,0.071893,0.103747,0.097810,0.054475,0.056167,0.081834,0.063125,0.056152,0.052978,0.057616
0.049129,0.089722,0.056147,0.055039,0.050875,0.072404,0.102677,0.098517,0.055179,0.055831,0.085198,0.062700,0.056285,0.053561,0.056736
0.049282,0.088830,0.056077,0.054528,0.050558,0.074514,0.101519,0.100085,0.055609,0.055030,0.087326,0.062283,0.054931,0.053114,0.056317
0.049331,0.089171,0.056030,0.053540,0.050602,0.074817,0.102161,0.100370,0.055637,0.054667,0.087959,0.062184,0.053822,0.052790,0.056917
0.049391,0.090043,0.055948,0.052431,0.050550,0.074926,0.102263,0.100492,0.055759,0.054244,0.088238,0.062337,0.053961,0.052573,0.056844
0.049328,0.089020,0.055806,0.051427,0.050684,0.072371,0.101310,0.101223,0.055075,0.053579,0.089941,0.062086,0.057490,0.053193,0.057467
0.049313,0.087415,0.055753,0.051063,0.050697,0.071366,0.100502,0.103259,0.055555,0.054156,0.088845,0.061741,0.058726,0.053495,0.058113
0.049146,0.085152,0.055680,0.051027,0.051021,0.073645,0.098581,0.103351,0.054786,0.055981,0.088707,0.061214,0.057381,0.053328,0.061002
0.049055,0.084368,0.055913,0.051075,0.051099,0.073104,0.097489,0.104156,0.055083,0.056333,0.088089,0.061081,0.058455,0.053078,0.061622
0.049094,0.085304,0.055871,0.050908,0.051083,0.072298,0.098373,0.105319,0.055543,0.056923,0.086117,0.061416,0.057947,0.053902,0.059902
0.049209,0.086001,0.055619,0.050867,0.052125,0.071901,0.099515,0.105619,0.055354,0.056899,0.085618,0.061526,0.056869,0.054350,0.058528
0.049142,0.085299,0.055144,0.050904,0.052131,0.077287,0.099147,0.104441,0.054738,0.056872,0.084620,0.060977,0.056783,0.055298,0.057216
0.049063,0.085192,0.055354,0.050972,0.051598,0.078171,0.100342,0.102795,0.054260,0.058520,0.083340,0.060822,0.058752,0.054834,0.055984
0.049036,0.084367,0.055462,0.050909,0.051356,0.078665,0.102209,0.100447,0.053719,0.059207,0.084901,0.060707,0.059753,0.053886,0.055375
0.049123,0.085731,0.055687,0.051836,0.051128,0.078729,0.104238,0.099294,0.053347,0.058810,0.083754,0.061284,0.058599,0.053060,0.055380
0.049412,0.087813,0.056268,0.052189,0.051117,0.076829,0.106222,0.098811,0.053687,0.057921,0.082883,0.062123,0.056632,0.052893,0.055201
0.049512,0.089201,0.056822,0.052485,0.050873,0.074901,0.104039,0.100376,0.054581,0.057681,0.082554,0.062491,0.054419,0.054718,0.055347
0.049627,0.090858,0.057419,0.052420,0.050930,0.073504,0.101237,0.100993,0.057132,0.059530,0.080338,0.063050,0.053128,0.054602,0.055233
0.049705,0.091204,0.057153,0.052978,0.050883,0.071534,0.102915,0.101640,0.057743,0.061530,0.077604,0.063213,0.053377,0.053796,0.054723
0.049746,0.090408,0.056770,0.053771,0.051180,0.069791,0.107404,0.102605,0.056881,0.061148,0.073991,0.062949,0.055480,0.053985,0.053891
0.049744,0.087913,0.056213,0.053734,0.051274,0.069917,0.108821,0.105313,0.056316,0.059869,0.077075,0.062240,0.055032,0.053100,0.053437
0.049737,0.088232,0.056329,0.053555,0.051440,0.068923,0.109702,0.106415,0.055516,0.058455,0.079776,0.062449,0.053892,0.052463,0.053114
0.049591,0.088481,0.056165,0.053158,0.051259,0.068839,0.108987,0.105772,0.055301,0.056470,0.081792,0.062820,0.053821,0.053696,0.053849
0.049319,0.088092,0.055880,0.053474,0.050902,0.069307,0.106836,0.103737,0.057120,0.055309,0.081809,0.062724,0.056122,0.055300,0.054068
0.049392,0.089603,0.055940,0.053257,0.050912,0.069314,0.106177,0.102721,0.057107,0.054367,0.080732,0.063382,0.055483,0.056423,0.055191
0.049604,0.091012,0.056179,0.053026,0.050934,0.069085,0.106786,0.100161,0.057038,0.054241,0.081216,0.063962,0.054224,0.055917,0.056615
0.049616,0.090773,0.056724,0.053784,0.050664,0.070854,0.108026,0.097241,0.057435,0.054196,0.081068,0.063852,0.053474,0.055969,0.056323
0.050168,0.092056,0.057729,0.054034,0.051111,0.069926,0.110684,0.096810,0.057254,0.054001,0.077345,0.064246,0.053549,0.055483,0.055604
0.050671,0.092418,0.058005,0.053762,0.051067,0.069665,0.110903,0.099984,0.056314,0.053986,0.075211,0.064166,0.052894,0.054941,0.056013
0.051938,0.093280,0.057877,0.053057,0.051027,0.070439,0.111796,0.100658,0.055317,0.053861,0.073996,0.064360,0.052286,0.054260,0.055847
0.052706,0.094732,0.057788,0.052435,0.051108,0.071940,0.112335,0.099628,0.055330,0.053956,0.071890,0.065126,0.052262,0.053601,0.055164
0.051662,0.091291,0.056788,0.051805,0.050409,0.088130,0.107295,0.099758,0.054508,0.053406,0.073108,0.063624,0.051420,0.052558,0.054237
0.051173,0.091563,0.057461,0.051345,0.050218,0.088153,0.106401,0.098414,0.054296,0.053489,0.076870,0.063611,0.051152,0.052274,0.053579
0.050806,0.092896,0.058608,0.051091,0.050245,0.085690,0.104674,0.096759,0.054542,0.053340,0.076773,0.064143,0.052479,0.054180,0.053775
0.050786,0.095005,0.058968,0.051143,0.050632,0.082817,0.103974,0.095278,0.055623,0.053887,0.075067,0.064961,0.052787,0.054534,0.054537
0.050734,0.095372,0.058654,0.051163,0.051091,0.078633,0.102774,0.100455,0.056136,0.054310,0.074026,0.065048,0.052455,0.054143,0.055007
0.050549,0.094698,0.059131,0.051193,0.051226,0.075323,0.101622,0.105079,0.055847,0.056320,0.073982,0.064700,0.051978,0.053162,0.055188
0.050376,0.093582,0.058751,0.051127,0.051199,0.073177,0.102683,0.107775,0.055364,0.057842,0.073846,0.064228,0.052884,0.052519,0.054649
0.050168,0.091969,0.058239,0.050959,0.051005,0.070440,0.107332,0.107477,0.054313,0.057548,0.077944,0.063532,0.052355,0.052143,0.054578
0.050143,0.091776,0.057919,0.050735,0.051099,0.069429,0.108241,0.106753,0.054063,0.057059,0.080376,0.063411,0.052281,0.052153,0.054562
0.050019,0.091889,0.058129,0.051253,0.051232,0.069210,0.108169,0.102848,0.053999,0.056254,0.083592,0.063482,0.053160,0.052055,0.054708
0.049924,0.092195,0.058476,0.051375,0.051003,0.070001,0.107029,0.098089,0.054108,0.057234,0.085291,0.063565,0.055179,0.052453,0.054078
0.049609,0.090992,0.058854,0.051362,0.050874,0.070727,0.103863,0.095429,0.055401,0.058265,0.089500,0.063222,0.054449,0.052831,0.054621
0.049648,0.091742,0.059182,0.051257,0.051050,0.068991,0.103382,0.094239,0.060620,0.057470,0.088069,0.063376,0.053645,0.052808,0.054520
0.049870,0.093277,0.059363,0.051510,0.051284,0.071027,0.102849,0.093617,0.060529,0.057083,0.084053,0.063761,0.054506,0.053167,0.054105
0.050256,0.095536,0.059420,0.051665,0.051606,0.071572,0.102058,0.094546,0.059427,0.056434,0.080509,0.064673,0.054759,0.053426,0.054112
0.050610,0.097436,0.059165,0.052104,0.051891,0.071741,0.103193,0.091853,0.058409,0.055334,0.078581,0.065241,0.054240,0.053065,0.057138
0.050615,0.098080,0.059183,0.052113,0.051918,0.075463,0.101482,0.093078,0.056945,0.054464,0.077761,0.065077,0.053418,0.052480,0.057923
0.050486,0.097294,0.058917,0.051687,0.051657,0.074265,0.104219,0.096748,0.055861,0.055350,0.076955,0.064593,0.052779,0.052017,0.057171
0.050847,0.099439,0.059062,0.051712,0.051797,0.072207,0.104983,0.096484,0.055684,0.055626,0.075448,0.065256,0.052540,0.052246,0.056669
0.051279,0.102054,0.059428,0.051945,0.052126,0.069288,0.102510,0.094659,0.056553,0.055312,0.073828,0.066201,0.054363,0.054266,0.056188
0.051179,0.101748,0.059178,0.051869,0.052177,0.068947,0.101584,0.094111,0.056634,0.054943,0.075184,0.066094,0.055441,0.055393,0.055518
0.051150,0.102107,0.059638,0.051989,0.052427,0.069485,0.098877,0.093165,0.056694,0.055059,0.076811,0.066162,0.055855,0.055080,0.055502
0.050917,0.100808,0.059375,0.052151,0.052551,0.070879,0.099735,0.098657,0.056025,0.055890,0.072827,0.065730,0.055075,0.053859,0.055521
0.051027,0.102187,0.059323,0.052333,0.052698,0.070418,0.097117,0.098666,0.055869,0.056696,0.070818,0.066506,0.055468,0.055302,0.055572
0.050734,0.101246,0.058660,0.053804,0.052251,0.069930,0.094004,0.098832,0.056429,0.056112,0.070750,0.066066,0.056556,0.059396,0.055232
0.050377,0.099869,0.057969,0.054464,0.051906,0.068888,0.094428,0.101321,0.057724,0.054871,0.070315,0.065386,0.057200,0.060672,0.054610
0.050265,0.100078,0.058543,0.054069,0.054124,0.066759,0.094846,0.097802,0.058141,0.053816,0.068708,0.065147,0.059729,0.063391,0.054580
0.050180,0.100231,0.058565,0.053293,0.055210,0.068118,0.097075,0.093211,0.057667,0.053377,0.067999,0.064843,0.060080,0.066027,0.054124
0.050330,0.101437,0.058711,0.053318,0.054965,0.067095,0.096889,0.092318,0.059920,0.053360,0.066667,0.065161,0.059371,0.066092,0.054368
0.050502,0.102595,0.058910,0.053824,0.054388,0.066655,0.096400,0.090530,0.060640,0.053544,0.065952,0.065498,0.057942,0.067472,0.055147
0.050381,0.101973,0.058986,0.053600,0.053859,0.067008,0.096598,0.096957,0.059727,0.053457,0.064930,0.065476,0.056022,0.065254,0.055771
0.050321,0.101500,0.058817,0.053109,0.053080,0.065813,0.099145,0.100594,0.059134,0.053458,0.065108,0.065473,0.055435,0.063312,0.055700
0.050504,0.103274,0.059147,0.053009,0.052701,0.065160,0.097292,0.098301,0.058483,0.053568,0.066078,0.065927,0.057050,0.063931,0.055576
0.050068,0.101421,0.059054,0.052349,0.051934,0.065433,0.095014,0.096281,0.056759,0.053336,0.069573,0.065117,0.057278,0.069413,0.056968
0.049853,0.100146,0.059177,0.051969,0.051340,0.064482,0.097817,0.094133,0.055950,0.053227,0.071484,0.064551,0.058703,0.070739,0.056431
0.049255,0.096689,0.059103,0.051120,0.050579,0.064528,0.098886,0.094152,0.056291,0.053312,0.079925,0.063306,0.059086,0.068738,0.055031
0.049359,0.097992,0.058983,0.051257,0.050521,0.064173,0.098982,0.092039,0.057514,0.054751,0.081863,0.063574,0.058393,0.066050,0.054550
0.049940,0.100606,0.059218,0.051935,0.050950,0.064639,0.095925,0.090712,0.057507,0.055682,0.079115,0.064471,0.058900,0.065307,0.055094
0.050465,0.103155,0.059854,0.052972,0.051797,0.063726,0.096563,0.086606,0.057241,0.056050,0.076347,0.065351,0.059901,0.065015,0.054956
0.050305,0.102391,0.059425,0.052662,0.051670,0.063220,0.097600,0.087463,0.056408,0.057035,0.073998,0.065080,0.062062,0.066587,0.054093
0.050722,0.102181,0.058973,0.052390,0.051933,0.065349,0.096476,0.087834,0.056040,0.057509,0.071028,0.064977,0.065647,0.065486,0.053455
0.050557,0.101305,0.058994,0.052211,0.054359,0.067047,0.094103,0.091994,0.055488,0.056211,0.071757,0.064681,0.063188,0.065102,0.053006
0.050299,0.100209,0.058664,0.051627,0.054358,0.066888,0.093301,0.095644,0.055379,0.055229,0.072704,0.064815,0.063003,0.065121,0.052760
0.050008,0.099006,0.057986,0.051082,0.053800,0.066566,0.093992,0.099612,0.054879,0.054582,0.073536,0.064621,0.060672,0.066589,0.053069
0.050061,0.098770,0.057578,0.050757,0.053030,0.066903,0.091496,0.099652,0.054480,0.053561,0.074054,0.064680,0.061017,0.069348,0.054612
0.050419,0.100397,0.058601,0.050665,0.052603,0.068614,0.089145,0.098569,0.057053,0.052991,0.071785,0.065270,0.060077,0.067383,0.056429
0.050496,0.101671,0.060008,0.050665,0.052166,0.068831,0.087909,0.096405,0.057743,0.052556,0.070073,0.065571,0.060434,0.068976,0.056496
0.050610,0.103500,0.060582,0.050902,0.052812,0.067995,0.087378,0.094419,0.058526,0.052483,0.071916,0.065992,0.059144,0.067118,0.056623
0.050716,0.103953,0.060312,0.050975,0.052670,0.068454,0.090630,0.092660,0.059838,0.052616,0.071053,0.066072,0.057229,0.065088,0.057735
0.050702,0.104454,0.060064,0.051029,0.052550,0.068157,0.091421,0.092257,0.059003,0.052487,0.071425,0.066218,0.056629,0.065650,0.057953
0.050479,0.104114,0.059766,0.051128,0.052251,0.067671,0.090088,0.093253,0.057805,0.052402,0.071403,0.066154,0.056403,0.069726,0.057356
0.050200,0.103226,0.060177,0.051806,0.051968,0.066050,0.090264,0.097745,0.056856,0.052032,0.071977,0.065718,0.056366,0.069463,0.056152
0.049826,0.100898,0.059322,0.051795,0.051394,0.063034,0.097033,0.097786,0.055347,0.051605,0.071639,0.064749,0.056684,0.073810,0.055076
0.049479,0.099503,0.058512,0.051217,0.051162,0.062054,0.096457,0.096330,0.054541,0.052235,0.077755,0.064203,0.058169,0.074371,0.054012
0.050390,0.100135,0.058814,0.052469,0.051458,0.062370,0.095616,0.093192,0.054708,0.052658,0.078433,0.064409,0.057048,0.074121,0.054178
0.054226,0.099917,0.058674,0.053138,0.052590,0.063779,0.094435,0.092470,0.056107,0.052549,0.075657,0.064387,0.055949,0.071762,0.054362
0.054881,0.100899,0.058853,0.053691,0.055477,0.063389,0.100136,0.089240,0.056108,0.052356,0.073472,0.064737,0.054816,0.066406,0.055539
0.054584,0.102507,0.059147,0.053866,0.055727,0.065151,0.098867,0.083249,0.056186,0.059576,0.070780,0.065380,0.054739,0.064324,0.055918
0.054919,0.101367,0.058731,0.052953,0.054461,0.067949,0.094151,0.088518,0.056074,0.059993,0.069275,0.065002,0.055662,0.064702,0.056244
0.056694,0.101108,0.059000,0.052220,0.053270,0.069072,0.090751,0.092379,0.055777,0.059227,0.066831,0.064874,0.056235,0.067308,0.055254
0.056417,0.100199,0.058573,0.053939,0.052099,0.067753,0.093227,0.090769,0.055081,0.058586,0.066867,0.064411,0.058694,0.069383,0.054001
0.055427,0.101640,0.058876,0.053985,0.052979,0.068968,0.097590,0.087175,0.054748,0.057846,0.066359,0.064739,0.058433,0.067659,0.053575
0.053929,0.102118,0.058988,0.053344,0.052776,0.072487,0.104815,0.081465,0.055536,0.056708,0.065523,0.064704,0.057541,0.065311,0.054756
0.052386,0.101413,0.059043,0.052295,0.052015,0.079482,0.102988,0.080673,0.055463,0.056016,0.066875,0.064336,0.055748,0.066003,0.055260
0.051258,0.100232,0.058643,0.052175,0.051240,0.080953,0.097871,0.084496,0.055139,0.054629,0.066816,0.063885,0.055930,0.071191,0.055543
0.051884,0.098795,0.058252,0.051899,0.050555,0.082320,0.093079,0.090918,0.054899,0.053370,0.068014,0.063239,0.054985,0.073084,0.054707
0.051583,0.098845,0.058314,0.052114,0.050463,0.082024,0.088731,0.094212,0.054499,0.052460,0.072874,0.063126,0.054056,0.071539,0.055162
0.051292,0.100564,0.059220,0.053152,0.050702,0.080714,0.088667,0.093650,0.054535,0.052343,0.073153,0.063790,0.053403,0.069437,0.055377
0.050877,0.100147,0.059767,0.055486,0.050557,0.077800,0.099293,0.090026,0.054733,0.052256,0.071816,0.063991,0.053797,0.064653,0.054802
0.050141,0.097882,0.059721,0.075712,0.049946,0.072531,0.098840,0.088276,0.054983,0.051895,0.069635,0.063299,0.052657,0.060178,0.054306
0.050038,0.097434,0.059332,0.076490,0.050003,0.069070,0.104641,0.088996,0.054617,0.051594,0.069220,0.063200,0.053529,0.058018,0.053816
0.050346,0.101002,0.059879,0.072606,0.050438,0.067652,0.104828,0.087862,0.054831,0.052243,0.067957,0.064274,0.054144,0.057062,0.054876
0.050323,0.100885,0.059995,0.066236,0.050675,0.068461,0.105578,0.085096,0.055389,0.053025,0.073794,0.064508,0.054068,0.056797,0.055170
0.050424,0.100764,0.060068,0.061861,0.050775,0.067493,0.104954,0.089779,0.055732,0.055921,0.073351,0.064440,0.053755,0.055531,0.055152
0.050719,0.102329,0.060280,0.058729,0.050922,0.066626,0.102235,0.089263,0.058273,0.058026,0.072652,0.064919,0.054035,0.056049,0.054943
0.051005,0.102788,0.060377,0.056654,0.051246,0.066739,0.100272,0.086279,0.058562,0.061650,0.072030,0.065089,0.053790,0.058990,0.054528
0.050888,0.102706,0.060075,0.056101,0.051177,0.065103,0.096760,0.092770,0.057405,0.064604,0.069562,0.064945,0.053033,0.060721,0.054150
0.050818,0.102982,0.059837,0.056609,0.051023,0.064236,0.092945,0.096040,0.056969,0.064189,0.066409,0.064861,0.054395,0.065007,0.053680
0.051322,0.104887,0.060041,0.056060,0.051194,0.064443,0.092028,0.096952,0.057803,0.061894,0.065313,0.065384,0.054430,0.064335,0.053914
0.052014,0.105494,0.060133,0.057031,0.051187,0.063155,0.093759,0.096504,0.057255,0.058794,0.067954,0.065486,0.054280,0.062071,0.054882
0.052199,0.104792,0.059829,0.056120,0.051482,0.064632,0.097921,0.095580,0.057556,0.058255,0.068313,0.065220,0.054226,0.059304,0.054571
0.051400,0.102248,0.059206,0.054534,0.051742,0.067451,0.098011,0.095979,0.057156,0.059034,0.069169,0.064292,0.053450,0.062654,0.053673
0.050879,0.102155,0.059080,0.053502,0.052483,0.068695,0.097442,0.096564,0.056667,0.060666,0.068916,0.064059,0.053686,0.061251,0.053955
0.050650,0.103315,0.059108,0.052757,0.053658,0.070816,0.094991,0.096304,0.056964,0.060652,0.067057,0.064110,0.055306,0.060365,0.053947
0.051085,0.106120,0.059529,0.052673,0.054064,0.071566,0.090408,0.091301,0.057080,0.059880,0.067937,0.064819,0.055452,0.059923,0.058163
0.051032,0.106956,0.059667,0.052510,0.053735,0.075359,0.086914,0.085291,0.057531,0.058546,0.068605,0.064948,0.055573,0.063658,0.059674
0.051151,0.108623,0.060028,0.052487,0.053585,0.075044,0.086050,0.083277,0.057417,0.057652,0.068831,0.065449,0.055579,0.065131,0.059697
0.051119,0.108161,0.059993,0.052526,0.053166,0.074884,0.095456,0.080041,0.056699,0.056952,0.068878,0.065179,0.055144,0.062591,0.059211
0.050644,0.106470,0.059277,0.053207,0.052277,0.070781,0.096923,0.075685,0.060694,0.055638,0.069165,0.064564,0.056503,0.065395,0.062777
0.049802,0.102486,0.058009,0.052729,0.051097,0.072505,0.096494,0.076578,0.060430,0.054172,0.076123,0.063294,0.057710,0.065961,0.062611
0.049605,0.101640,0.057601,0.052500,0.050626,0.077085,0.098134,0.076469,0.059509,0.054158,0.075894,0.063108,0.056631,0.066097,0.060943
0.049821,0.103156,0.058001,0.052224,0.050732,0.078614,0.096975,0.077032,0.059207,0.054672,0.076610,0.063769,0.055391,0.064102,0.059694
0.050232,0.105447,0.058684,0.052409,0.051099,0.076343,0.096370,0.078123,0.058593,0.054659,0.075913,0.064707,0.054551,0.063124,0.059746
0.050490,0.106549,0.059013,0.052497,0.051367,0.071800,0.099157,0.079641,0.058850,0.054129,0.072950,0.065352,0.053775,0.061632,0.062799
0.050794,0.108435,0.059599,0.052354,0.051928,0.068307,0.097010,0.080495,0.058554,0.053809,0.072151,0.066199,0.054466,0.059758,0.066140
0.050713,0.108009,0.060719,0.051853,0.051919,0.068611,0.091549,0.084507,0.058673,0.053240,0.069463,0.066148,0.054130,0.060341,0.070124
0.050719,0.108218,0.061787,0.052701,0.052291,0.071033,0.086031,0.084055,0.058326,0.053048,0.068139,0.066185,0.055808,0.062484,0.069174
0.050193,0.105175,0.060847,0.052556,0.051588,0.070792,0.092914,0.083797,0.058742,0.052505,0.067444,0.064963,0.058139,0.063922,0.066423
0.050257,0.105940,0.060427,0.052432,0.051484,0.068868,0.089917,0.084471,0.059459,0.052394,0.069251,0.065293,0.058055,0.068170,0.063583
0.050686,0.107386,0.060373,0.053059,0.051582,0.067816,0.084019,0.086045,0.060238,0.052570,0.070445,0.066067,0.057464,0.070097,0.062153
0.050455,0.105127,0.059283,0.053235,0.051417,0.068068,0.090114,0.088862,0.058546,0.053186,0.072799,0.065270,0.055613,0.068569,0.059456
0.050233,0.103654,0.058630,0.054385,0.051315,0.070575,0.096885,0.089901,0.057537,0.053239,0.071229,0.064768,0.054891,0.065186,0.057571
0.050226,0.103947,0.058468,0.053989,0.052358,0.072826,0.095408,0.092861,0.057691,0.053033,0.067419,0.064856,0.056534,0.063196,0.057188
0.050261,0.104508,0.058703,0.053447,0.054475,0.072689,0.093959,0.093061,0.059310,0.052821,0.065150,0.064956,0.056454,0.061125,0.059082
0.049860,0.101517,0.058124,0.053074,0.054765,0.071611,0.102481,0.093687,0.059345,0.052378,0.064736,0.063939,0.055131,0.058917,0.060432
0.049389,0.097957,0.057521,0.052958,0.054123,0.071804,0.103734,0.097379,0.058809,0.051870,0.067027,0.062726,0.054413,0.059255,0.061035
0.049211,0.096059,0.057232,0.051969,0.053163,0.071433,0.105679,0.098015,0.058532,0.051448,0.067774,0.062399,0.054444,0.061669,0.060973
0.049285,0.097157,0.057774,0.051456,0.052591,0.069987,0.106326,0.096500,0.059681,0.051565,0.066398,0.062691,0.053769,0.063805,0.061013
0.049319,0.097575,0.058235,0.051840,0.051924,0.068586,0.107220,0.092027,0.059584,0.051775,0.069223,0.062721,0.056550,0.062827,0.060591
0.049358,0.098599,0.058313,0.052043,0.051481,0.070797,0.105600,0.088466,0.058500,0.052592,0.070823,0.062955,0.056237,0.061975,0.062262
0.049340,0.098631,0.058074,0.051934,0.051005,0.073635,0.102317,0.089346,0.057531,0.052498,0.072049,0.062858,0.054825,0.061050,0.064908
0.049204,0.097631,0.057448,0.054388,0.050557,0.072491,0.100185,0.090381,0.056789,0.052041,0.076385,0.062562,0.054917,0.061391,0.063629
0.049552,0.100015,0.057783,0.055825,0.050782,0.071038,0.098288,0.089786,0.056691,0.052697,0.075811,0.063250,0.054667,0.061518,0.062297
0.049807,0.102082,0.057985,0.056603,0.051043,0.068193,0.094621,0.085444,0.056973,0.061682,0.074135,0.063810,0.055464,0.061665,0.060494
0.050164,0.104341,0.058584,0.057412,0.051443,0.066902,0.090624,0.081969,0.057348,0.065369,0.072628,0.064649,0.055601,0.063054,0.059912
0.050457,0.105951,0.059249,0.056445,0.053756,0.067602,0.088296,0.081891,0.058751,0.064356,0.069801,0.065332,0.054808,0.063918,0.059388
