0.200124,0.197783,0.202283,0.202721,0.197088
0.198811,0.198271,0.202898,0.202759,0.197261
0.197742,0.198636,0.203251,0.202830,0.197542
0.197551,0.198431,0.203620,0.202506,0.197892
0.197209,0.198664,0.203262,0.202138,0.198728
0.196546,0.198531,0.203033,0.203102,0.198788
0.196294,0.198558,0.202865,0.203397,0.198886
0.195568,0.197892,0.203129,0.204807,0.198604
0.195485,0.197924,0.203133,0.204520,0.198937
0.195812,0.198176,0.203196,0.204234,0.198582
0.196066,0.198282,0.203055,0.204704,0.197893
0.197124,0.199351,0.202692,0.202814,0.198019
0.193580,0.195518,0.198624,0.218554,0.193724
0.193041,0.194929,0.199503,0.218393,0.194134
0.193514,0.195046,0.200048,0.215852,0.195540
0.194319,0.195786,0.201114,0.212396,0.196385
0.194847,0.196582,0.201878,0.209908,0.196784
0.196320,0.196730,0.201870,0.208840,0.196240
0.196408,0.197106,0.201951,0.207073,0.197462
0.196479,0.197919,0.202368,0.204976,0.198258
0.196684,0.198788,0.203668,0.202215,0.198644
0.196598,0.199061,0.204068,0.201353,0.198920
0.196396,0.199008,0.203617,0.201598,0.199381
0.196660,0.199200,0.203293,0.201296,0.199552
0.196292,0.198693,0.204425,0.201377,0.199213
0.196052,0.198296,0.205972,0.201009,0.198672
0.196011,0.198020,0.206689,0.200325,0.198955
0.196009,0.198764,0.207116,0.199776,0.198334
0.196301,0.198695,0.206678,0.200537,0.197788
0.196953,0.198859,0.205468,0.200914,0.197807
0.197507,0.198806,0.204094,0.201461,0.198132
0.197815,0.198955,0.203828,0.200958,0.198444
0.197711,0.199162,0.203975,0.200366,0.198785
0.197661,0.199322,0.204039,0.200246,0.198732
0.197380,0.199119,0.203895,0.201045,0.198561
0.197652,0.199229,0.203684,0.201007,0.198428
0.198806,0.198894,0.203079,0.201228,0.197992
0.197977,0.198305,0.203590,0.202718,0.197410
0.198118,0.197578,0.202562,0.205233,0.196510
0.197663,0.197936,0.202523,0.204975,0.196903
0.196857,0.198216,0.202694,0.204912,0.197321
0.197344,0.198042,0.204118,0.203453,0.197044
0.197011,0.197673,0.204245,0.203925,0.197146
0.196423,0.197790,0.204255,0.203851,0.197682
0.197015,0.197977,0.203824,0.202799,0.198385
0.197095,0.198551,0.203805,0.201816,0.198732
0.197134,0.199122,0.203809,0.201304,0.198631
0.197162,0.199610,0.203744,0.200979,0.198504
0.196992,0.199546,0.203177,0.201259,0.199026
0.196867,0.199523,0.203304,0.201128,0.199178
0.196577,0.199139,0.205191,0.200519,0.198573
0.196756,0.199216,0.204836,0.200803,0.198389
0.197132,0.199529,0.204082,0.200453,0.198804
0.196739,0.199019,0.203138,0.201894,0.199210
0.196539,0.198911,0.202546,0.202761,0.199242
0.195785,0.198393,0.202071,0.205338,0.198413
0.195478,0.198254,0.202253,0.206040,0.197976
0.195484,0.198278,0.201855,0.206692,0.197691
0.195766,0.198579,0.202337,0.205732,0.197586
0.196135,0.198973,0.202987,0.204307,0.197598
0.196718,0.199337,0.202924,0.203247,0.197774
0.197103,0.199754,0.202841,0.202316,0.197985
0.196817,0.199526,0.202595,0.203472,0.197590
0.196380,0.199102,0.201868,0.204796,0.197854
0.196629,0.199142,0.201386,0.205058,0.197785
0.197008,0.199091,0.201615,0.204461,0.197825
0.196673,0.198871,0.201655,0.204919,0.197883
0.195277,0.197520,0.203924,0.205809,0.197471
0.194615,0.197069,0.204767,0.206046,0.197504
0.195126,0.197809,0.204479,0.204906,0.197680
0.195112,0.197900,0.203854,0.204517,0.198618
0.194459,0.197235,0.202476,0.204218,0.201611
0.194383,0.196885,0.203527,0.203383,0.201822
0.194870,0.197140,0.203628,0.201779,0.202583
0.194870,0.197023,0.203015,0.201951,0.203141
0.194723,0.196673,0.202135,0.204333,0.202135
0.195260,0.197414,0.202425,0.204135,0.200765
0.194539,0.196875,0.206169,0.203692,0.198725
0.194830,0.197280,0.207544,0.202468,0.197878
0.193276,0.195975,0.213243,0.201593,0.195913
0.192745,0.195493,0.215646,0.200801,0.195316
0.193157,0.195994,0.214662,0.201300,0.194887
0.193834,0.196723,0.211591,0.202129,0.195723
0.194457,0.197371,0.209085,0.203067,0.196021
0.195177,0.197774,0.207576,0.202787,0.196685
0.195264,0.197886,0.207445,0.201779,0.197625
0.193348,0.196018,0.209057,0.204305,0.197271
0.193011,0.195774,0.207659,0.207209,0.196347
0.194160,0.196772,0.206578,0.206183,0.196307
0.194764,0.197363,0.206648,0.204913,0.196312
0.195546,0.197790,0.206287,0.203982,0.196395
0.195740,0.198156,0.205326,0.203641,0.197138
0.195878,0.198455,0.204579,0.203563,0.197525
0.195930,0.199040,0.204588,0.202588,0.197854
0.194996,0.198377,0.206877,0.202316,0.197434
0.194171,0.197638,0.206993,0.204027,0.197171
0.193635,0.197512,0.205922,0.204960,0.197971
0.193658,0.197351,0.204399,0.206076,0.198516
0.193978,0.197621,0.203649,0.205822,0.198929
0.194508,0.198177,0.204063,0.204344,0.198907
0.194767,0.198336,0.204232,0.204118,0.198547
0.195350,0.198851,0.203879,0.202540,0.199381
0.195538,0.199023,0.203700,0.202647,0.199093
0.195787,0.199226,0.203968,0.202141,0.198879
0.195533,0.198932,0.204684,0.201850,0.199000
0.195913,0.199129,0.204999,0.201341,0.198618
0.196048,0.199331,0.205476,0.201191,0.197954
0.193700,0.196964,0.205441,0.207755,0.196140
0.193610,0.196742,0.206724,0.207025,0.195899
0.194019,0.197162,0.207256,0.204731,0.196833
0.193922,0.197287,0.207821,0.203977,0.196993
0.194243,0.197785,0.207361,0.203581,0.197030
0.195039,0.198585,0.206442,0.202565,0.197369
0.195508,0.198672,0.205320,0.203574,0.196926
0.195594,0.198639,0.205693,0.203005,0.197068
0.195640,0.198286,0.207320,0.201685,0.197068
0.195562,0.198530,0.208530,0.200247,0.197132
0.195297,0.198715,0.208385,0.199613,0.197990
0.195264,0.198935,0.207597,0.200338,0.197866
0.195607,0.199185,0.206292,0.201267,0.197649
0.195596,0.199117,0.206736,0.201198,0.197353
0.194623,0.198326,0.207121,0.201450,0.198480
0.194040,0.197923,0.206754,0.201370,0.199914
0.192917,0.196700,0.206456,0.206297,0.197629
0.193031,0.196798,0.206489,0.207167,0.196515
0.193130,0.196865,0.205802,0.208022,0.196182
0.192483,0.196251,0.204893,0.208111,0.198262
0.192072,0.195900,0.204413,0.208343,0.199272
0.191171,0.195019,0.208398,0.208011,0.197401
0.191439,0.195280,0.209196,0.207882,0.196203
0.192032,0.195754,0.208148,0.205224,0.198842
0.193091,0.196680,0.206813,0.203405,0.200010
0.194170,0.197730,0.205733,0.202712,0.199655
0.193363,0.197027,0.204333,0.208350,0.196927
0.193190,0.196914,0.205011,0.208993,0.195892
0.193637,0.196656,0.205775,0.209082,0.194851
0.194640,0.197594,0.205897,0.206798,0.195070
0.198018,0.198197,0.204973,0.203213,0.195600
0.198064,0.198645,0.205072,0.201551,0.196666
0.197211,0.198914,0.205750,0.201138,0.196987
0.196367,0.199075,0.205693,0.201086,0.197779
0.195639,0.198845,0.205325,0.202167,0.198024
0.195184,0.198555,0.205216,0.202732,0.198312
0.194768,0.198132,0.206405,0.202344,0.198351
0.194527,0.197782,0.206997,0.202856,0.197838
0.192693,0.195819,0.206285,0.205850,0.199353
0.190595,0.193744,0.205119,0.206164,0.204378
0.191467,0.194608,0.205369,0.204682,0.203874
0.193513,0.196636,0.204963,0.202975,0.201913
0.194896,0.197952,0.205125,0.201531,0.200496
0.195159,0.198127,0.205064,0.202503,0.199147
0.195062,0.198058,0.205526,0.203285,0.198069
0.195538,0.198174,0.205876,0.203401,0.197011
0.196131,0.198501,0.205853,0.202918,0.196598
0.196596,0.198915,0.205777,0.201524,0.197189
0.196592,0.198810,0.205564,0.200314,0.198721
0.195375,0.197640,0.206319,0.202027,0.198639
0.195112,0.197399,0.206570,0.202532,0.198387
0.195356,0.197613,0.206313,0.202588,0.198130
0.195666,0.197793,0.206073,0.202585,0.197883
0.195414,0.197041,0.204756,0.205379,0.197411
0.194868,0.196528,0.204190,0.206851,0.197563
0.193904,0.195840,0.203562,0.209500,0.197194
0.194654,0.196867,0.203416,0.207521,0.197541
0.195497,0.197907,0.203960,0.204758,0.197878
0.196561,0.198375,0.204626,0.201994,0.198444
0.197320,0.199012,0.204729,0.200397,0.198541
0.197284,0.199214,0.204728,0.200094,0.198680
0.196439,0.198547,0.204048,0.202906,0.198061
0.198313,0.197684,0.203553,0.202702,0.197749
0.197527,0.197058,0.203340,0.203010,0.199064
0.194852,0.195440,0.202987,0.205440,0.201281
0.193816,0.194666,0.204245,0.205473,0.201800
0.193688,0.195157,0.206173,0.205017,0.199965
0.194877,0.196654,0.206463,0.203437,0.198569
0.194701,0.196808,0.207730,0.203548,0.197213
0.194844,0.196982,0.208234,0.203037,0.196903
0.195816,0.197603,0.207666,0.201652,0.197263
0.196629,0.198429,0.206957,0.200456,0.197528
0.196834,0.198743,0.206187,0.199293,0.198943
0.196852,0.198656,0.205866,0.199766,0.198860
0.196695,0.198364,0.206687,0.199814,0.198440
0.196499,0.198083,0.206136,0.201450,0.197832
0.196270,0.197870,0.205224,0.203305,0.197332
0.196954,0.197300,0.204516,0.203278,0.197953
0.197171,0.197620,0.204166,0.202699,0.198344
0.196876,0.197799,0.203890,0.202991,0.198444
0.196816,0.198109,0.203623,0.202779,0.198673
0.196697,0.198221,0.203744,0.202232,0.199106
0.196328,0.197990,0.204015,0.202769,0.198898
0.196077,0.197626,0.204388,0.202582,0.199326
0.194834,0.196119,0.204677,0.204393,0.199976
0.194665,0.195992,0.204637,0.205681,0.199025
0.195106,0.196388,0.205386,0.204885,0.198234
0.196222,0.196943,0.206231,0.203061,0.197544
0.196169,0.197125,0.206291,0.203680,0.196734
0.196350,0.197219,0.206725,0.203247,0.196459
0.196242,0.197178,0.207654,0.201785,0.197142
0.195809,0.196974,0.206857,0.203484,0.196877
0.196108,0.197369,0.206981,0.202591,0.196950
0.196044,0.197527,0.206918,0.201901,0.197610
0.196226,0.197844,0.206338,0.201012,0.198580
0.196778,0.198254,0.206060,0.200077,0.198832
0.196884,0.198407,0.206677,0.198982,0.199050
0.195930,0.197557,0.206435,0.201155,0.198923
0.194809,0.196734,0.207775,0.202224,0.198458
0.195114,0.196900,0.207889,0.201768,0.198329
0.195989,0.197570,0.206681,0.201136,0.198623
0.196217,0.197570,0.205195,0.201509,0.199510
0.196450,0.197713,0.204425,0.201029,0.200382
0.196355,0.197747,0.204662,0.200572,0.200663
0.195906,0.197340,0.205085,0.200222,0.201448
0.196116,0.197627,0.205146,0.200048,0.201063
0.197262,0.197535,0.205212,0.199803,0.200187
0.197507,0.197870,0.204736,0.200037,0.199851
0.196454,0.197309,0.204052,0.201498,0.200686
0.196117,0.197362,0.203850,0.202524,0.200147
0.197150,0.197604,0.204322,0.201650,0.199274
0.197604,0.198178,0.204444,0.200766,0.199007
0.197317,0.198241,0.204830,0.200896,0.198715
0.196632,0.197751,0.204398,0.202680,0.198538
0.196353,0.197630,0.204482,0.203230,0.198305
0.195587,0.196955,0.204118,0.205268,0.198074
0.195325,0.196798,0.203760,0.206438,0.197679
0.195401,0.196919,0.203885,0.206320,0.197474
0.195987,0.197494,0.204497,0.204450,0.197573
0.196113,0.197584,0.205461,0.202819,0.198024
0.196130,0.197577,0.207029,0.200682,0.198582
0.196206,0.197661,0.207539,0.200185,0.198408
0.196460,0.197973,0.206793,0.200325,0.198448
0.196469,0.197762,0.206279,0.200094,0.199396
0.196644,0.197833,0.205454,0.200385,0.199683
0.196880,0.198113,0.204454,0.201016,0.199538
0.196616,0.197922,0.204686,0.201667,0.199108
0.196162,0.197398,0.205223,0.202369,0.198847
0.195032,0.196297,0.204713,0.204819,0.199139
0.195388,0.196749,0.204298,0.204552,0.199013
0.195675,0.197119,0.205288,0.202995,0.198923
0.198204,0.196442,0.204624,0.201921,0.198809
0.198293,0.196787,0.204340,0.202351,0.198230
0.197779,0.197410,0.204908,0.201866,0.198037
0.197342,0.198019,0.205421,0.200941,0.198278
0.196681,0.198215,0.207100,0.199797,0.198207
0.196209,0.198250,0.207175,0.200360,0.198005
0.195100,0.197320,0.208159,0.201290,0.198131
0.194783,0.197028,0.208219,0.201746,0.198222
0.194194,0.196333,0.207221,0.205208,0.197044
0.193276,0.195202,0.205801,0.210314,0.195408
0.193115,0.194543,0.204943,0.213132,0.194266
0.193779,0.195263,0.204300,0.211922,0.194736
0.194731,0.196482,0.203578,0.209531,0.195679
0.195727,0.197650,0.204062,0.205598,0.196963
0.194259,0.196330,0.206851,0.206027,0.196533
0.193911,0.195965,0.208900,0.204909,0.196315
0.194365,0.196462,0.207710,0.204284,0.197179
0.194521,0.196508,0.208486,0.203285,0.197200
0.194958,0.196669,0.209290,0.201360,0.197723
0.195695,0.197266,0.208262,0.200768,0.198009
0.196364,0.197888,0.207027,0.200503,0.198217
0.196921,0.197963,0.207820,0.199415,0.197880
0.196426,0.197451,0.208387,0.199294,0.198442
0.195854,0.196986,0.207615,0.200913,0.198632
0.194922,0.196218,0.208684,0.201139,0.199038
0.194208,0.195577,0.207858,0.202796,0.199562
0.194514,0.195959,0.206425,0.203591,0.199511
0.194441,0.195835,0.205511,0.204229,0.199985
0.193950,0.195352,0.205153,0.205928,0.199617
0.192187,0.193534,0.203879,0.210966,0.199434
0.192098,0.193351,0.204088,0.211695,0.198769
0.192616,0.193881,0.204763,0.210743,0.197998
0.193559,0.194781,0.204982,0.209114,0.197564
0.193545,0.194736,0.204423,0.208338,0.198958
0.194420,0.195710,0.204320,0.206237,0.199312
0.195139,0.196543,0.205091,0.204702,0.198524
0.196119,0.197540,0.205426,0.202257,0.198658
0.196244,0.197382,0.204614,0.200242,0.201518
0.195842,0.196989,0.203841,0.200268,0.203060
0.195435,0.195509,0.204087,0.203277,0.201692
0.195059,0.195265,0.205050,0.204070,0.200557
0.195683,0.195863,0.205184,0.203642,0.199628
0.196190,0.196789,0.205117,0.202939,0.198965
0.197034,0.197288,0.205108,0.202043,0.198527
0.197245,0.197713,0.204920,0.201954,0.198168
0.197238,0.198077,0.204890,0.201466,0.198329
0.196365,0.197431,0.204747,0.203275,0.198182
0.195264,0.196534,0.205457,0.204573,0.198172
0.195040,0.196239,0.205749,0.204537,0.198435
0.194588,0.195860,0.207594,0.203941,0.198016
0.194718,0.196080,0.208180,0.202948,0.198074
0.195260,0.196697,0.207048,0.202520,0.198474
0.195708,0.196538,0.204871,0.202940,0.199942
0.195242,0.196094,0.204303,0.204455,0.199905
0.195222,0.196259,0.204338,0.204574,0.199607
0.195571,0.196786,0.204120,0.204157,0.199366
0.196099,0.197213,0.204205,0.202565,0.199918
0.196167,0.197324,0.204622,0.201210,0.200677
0.195129,0.196348,0.204250,0.200985,0.203289
0.194773,0.195969,0.205145,0.200855,0.203258
0.195289,0.196438,0.205370,0.200631,0.202273
0.195428,0.196590,0.206063,0.199743,0.202176
0.195316,0.196800,0.206978,0.200124,0.200782
0.194877,0.196391,0.207525,0.202191,0.199017
0.195209,0.196496,0.207229,0.202693,0.198373
0.195004,0.196168,0.207218,0.203419,0.198192
0.195290,0.196431,0.206479,0.203481,0.198319
0.194216,0.195410,0.205859,0.205954,0.198562
0.193790,0.194991,0.204648,0.206810,0.199761
0.194522,0.195367,0.203956,0.206312,0.199843
0.195096,0.195725,0.203828,0.206333,0.199018
0.195322,0.195721,0.202581,0.207501,0.198875
0.195163,0.195522,0.202746,0.207282,0.199286
0.195216,0.195845,0.203521,0.206013,0.199404
0.195612,0.196522,0.203794,0.204423,0.199648
0.195539,0.196619,0.203484,0.203965,0.200394
0.195135,0.196325,0.205487,0.202476,0.200577
0.195144,0.196340,0.206071,0.202719,0.199727
0.195147,0.196277,0.205488,0.203361,0.199726
0.194885,0.195650,0.205389,0.205156,0.198921
0.195243,0.195919,0.205174,0.204968,0.198695
0.195186,0.195908,0.204092,0.206798,0.198016
0.195802,0.196598,0.203455,0.205382,0.198762
0.196487,0.196979,0.203576,0.203648,0.199310
0.196554,0.196835,0.203827,0.203547,0.199237
0.196845,0.197072,0.203743,0.203112,0.199228
0.196699,0.197271,0.203821,0.203379,0.198831
0.196299,0.197240,0.204720,0.203601,0.198140
0.194967,0.196176,0.205093,0.206877,0.196888
0.193966,0.195378,0.204077,0.210586,0.195993
0.193806,0.195281,0.204033,0.210752,0.196128
0.194364,0.195849,0.203523,0.209369,0.196895
0.194918,0.196351,0.205404,0.205773,0.197553
0.193463,0.195829,0.206441,0.206130,0.198136
0.191454,0.193718,0.206239,0.206723,0.201867
0.192193,0.193963,0.205623,0.206021,0.202200
0.194003,0.195559,0.204531,0.204901,0.201006
0.195899,0.196072,0.203828,0.204652,0.199549
0.195195,0.195411,0.202927,0.205882,0.200584
0.194505,0.195143,0.203307,0.205696,0.201350
0.194213,0.195818,0.203419,0.205724,0.200826
0.194678,0.197016,0.203512,0.205140,0.199655
0.195084,0.197483,0.202926,0.205722,0.198784
0.195667,0.197890,0.202547,0.205606,0.198290
0.196907,0.197856,0.202437,0.205200,0.197599
0.196854,0.197785,0.202651,0.204500,0.198209
0.196225,0.197967,0.203064,0.203973,0.198772
0.195830,0.197876,0.204347,0.203023,0.198924
0.195723,0.197340,0.204731,0.202987,0.199219
0.195881,0.197023,0.204623,0.203338,0.199134
0.196616,0.197154,0.203532,0.203780,0.198919
0.196997,0.197856,0.202702,0.203220,0.199225
0.196419,0.197259,0.202188,0.205347,0.198786
0.195955,0.197191,0.202417,0.204784,0.199652
0.195134,0.196702,0.203936,0.203908,0.200320
0.194831,0.196573,0.204648,0.204194,0.199754
0.194580,0.196458,0.204843,0.205596,0.198523
0.196000,0.196009,0.205319,0.204608,0.198064
0.193426,0.193394,0.204083,0.212443,0.196655
0.191944,0.192441,0.204741,0.213450,0.197424
0.191981,0.193060,0.204162,0.211733,0.199064
0.192930,0.194420,0.204028,0.209638,0.198985
0.194182,0.195907,0.204561,0.206541,0.198808
0.194980,0.196709,0.205484,0.203135,0.199692
0.195715,0.197404,0.206166,0.200587,0.200128
0.196010,0.197573,0.205016,0.200141,0.201261
0.196114,0.197607,0.203843,0.201116,0.201320
0.196288,0.197556,0.202969,0.201582,0.201604
0.196497,0.197539,0.202516,0.202257,0.201191
0.196548,0.197507,0.202713,0.202088,0.201145
0.196083,0.197083,0.202628,0.204066,0.200141
0.195827,0.197027,0.202157,0.203707,0.201282
0.195881,0.197080,0.202669,0.202843,0.201528
0.194155,0.195437,0.201298,0.200720,0.208389
0.193598,0.194863,0.201122,0.199827,0.210591
0.191972,0.193613,0.199795,0.206844,0.207776
0.191340,0.193107,0.200234,0.212314,0.203004
0.191530,0.193263,0.201436,0.214245,0.199526
0.193225,0.194755,0.202455,0.211757,0.197809
0.194231,0.195539,0.205424,0.208274,0.196533
0.194058,0.195223,0.206522,0.207847,0.196349
0.194612,0.195973,0.206360,0.206034,0.197021
0.195526,0.197043,0.205277,0.204554,0.197600
0.196108,0.198079,0.203488,0.203912,0.198413
0.196785,0.198900,0.202939,0.202400,0.198976
0.196898,0.198659,0.202515,0.203257,0.198671
0.196964,0.197883,0.202638,0.204619,0.197895
0.196845,0.197376,0.202481,0.206197,0.197101
0.196364,0.197419,0.202206,0.206256,0.197756
0.194210,0.195628,0.201063,0.213292,0.195808
0.193443,0.195275,0.201480,0.214682,0.195120
0.192507,0.194695,0.200943,0.217368,0.194487
0.192188,0.194510,0.199676,0.216399,0.197227
0.192828,0.194694,0.199192,0.213272,0.200014
0.193656,0.195591,0.200922,0.209444,0.200387
0.194837,0.196899,0.202691,0.205590,0.199983
0.195289,0.197487,0.203481,0.204511,0.199232
0.195303,0.197736,0.202926,0.204894,0.199140
0.195423,0.198370,0.202653,0.204162,0.199392
0.195480,0.198223,0.202091,0.204242,0.199964
0.195423,0.197500,0.201943,0.205674,0.199460
0.195462,0.197117,0.201979,0.206682,0.198759
0.195723,0.197268,0.202920,0.206163,0.197926
0.196008,0.197728,0.204023,0.204479,0.197762
0.195925,0.197868,0.204363,0.203610,0.198234
0.196147,0.198222,0.204449,0.202736,0.198446
0.196090,0.198215,0.204127,0.203006,0.198563
0.196056,0.198228,0.203699,0.203425,0.198592
0.196454,0.198537,0.203938,0.202448,0.198622
0.196719,0.198631,0.203590,0.202277,0.198783
0.196811,0.198576,0.202801,0.202255,0.199557
0.196900,0.198650,0.202420,0.202680,0.199350
0.197267,0.199013,0.202326,0.202181,0.199213
0.196912,0.198467,0.202460,0.203493,0.198667
0.196435,0.198097,0.202351,0.205174,0.197943
0.196173,0.196465,0.202367,0.208194,0.196801
0.195420,0.195939,0.203833,0.208186,0.196621
0.195483,0.196727,0.203565,0.206683,0.197540
0.195385,0.197207,0.202708,0.206712,0.197988
0.195480,0.197652,0.202168,0.205851,0.198849
0.195220,0.197530,0.202080,0.206080,0.199090
0.193964,0.196315,0.200620,0.206794,0.202307
0.194139,0.196662,0.200440,0.206304,0.202455
0.194675,0.197696,0.201220,0.205046,0.201363
0.195422,0.198572,0.202163,0.203469,0.200374
0.195552,0.198797,0.202891,0.203296,0.199464
0.195587,0.198609,0.203745,0.203588,0.198471
0.195786,0.198600,0.204188,0.203683,0.197743
0.195148,0.198019,0.203686,0.205904,0.197244
0.195141,0.197907,0.203741,0.205697,0.197514
0.195093,0.197869,0.204017,0.205339,0.197682
0.195718,0.197046,0.202903,0.206112,0.198220
0.197359,0.197286,0.202671,0.204701,0.197983
0.197006,0.197541,0.203887,0.202963,0.198604
0.196437,0.197958,0.203380,0.203606,0.198619
0.195486,0.197746,0.202370,0.206411,0.197988
0.195492,0.198060,0.202575,0.205979,0.197894
0.194730,0.197483,0.204790,0.203754,0.199244
0.194858,0.197624,0.204504,0.203157,0.199857
0.195018,0.197874,0.203923,0.202054,0.201130
0.194385,0.197298,0.203129,0.202283,0.202905
0.194120,0.197030,0.204089,0.203738,0.201023
0.194200,0.197073,0.206029,0.204068,0.198630
0.194466,0.197283,0.205393,0.204913,0.197945
0.193801,0.196880,0.204083,0.206912,0.198324
0.194379,0.197367,0.202702,0.207302,0.198249
0.195685,0.198128,0.201828,0.205615,0.198744
0.195949,0.198252,0.201463,0.205723,0.198613
0.196219,0.198482,0.201942,0.204899,0.198458
0.196269,0.198475,0.202057,0.204448,0.198751
0.196234,0.198245,0.201591,0.204203,0.199727
0.196001,0.197997,0.201981,0.204432,0.199589
0.196092,0.198101,0.201891,0.203683,0.200234
0.196893,0.198829,0.201940,0.202474,0.199865
0.196258,0.198206,0.203519,0.203266,0.198750
0.195516,0.197527,0.203087,0.205738,0.198131
0.194966,0.197825,0.202087,0.207280,0.197841
0.195385,0.198216,0.201690,0.205532,0.199177
0.195782,0.198328,0.201353,0.204978,0.199560
0.195486,0.197782,0.201187,0.206381,0.199164
0.195606,0.197590,0.200713,0.207896,0.198195
0.195677,0.197484,0.200405,0.207277,0.199156
0.196091,0.197822,0.200689,0.206374,0.199025
0.196083,0.197947,0.201025,0.206434,0.198510
0.195300,0.197222,0.201750,0.207226,0.198502
0.195221,0.197201,0.202209,0.207262,0.198107
0.195616,0.197743,0.202467,0.205903,0.198271
0.196205,0.198353,0.202385,0.203658,0.199399
0.196777,0.198490,0.202644,0.201370,0.200718
0.198595,0.198596,0.203164,0.199684,0.199962
0.198466,0.198712,0.202872,0.199616,0.200334
0.198354,0.199064,0.202561,0.200181,0.199840
0.198063,0.199390,0.202491,0.200505,0.199550
0.197561,0.199304,0.203164,0.200061,0.199910
0.197225,0.198776,0.202814,0.202061,0.199124
0.198387,0.198004,0.201730,0.203008,0.198871
0.197897,0.197754,0.203740,0.202502,0.198107
0.197335,0.198243,0.204106,0.201970,0.198346
0.195903,0.197500,0.203640,0.205188,0.197769
0.195630,0.197476,0.203195,0.206124,0.197575
0.195524,0.197530,0.203458,0.205305,0.198184
0.196279,0.197104,0.203640,0.204065,0.198912
0.196226,0.197001,0.204029,0.203862,0.198882
0.195678,0.196750,0.203941,0.205516,0.198116
0.193619,0.195012,0.206281,0.207378,0.197710
0.194937,0.194725,0.206086,0.207157,0.197096
0.195272,0.195233,0.205588,0.207496,0.196411
0.195254,0.195839,0.205847,0.206583,0.196477
0.195676,0.196773,0.205012,0.205433,0.197105
0.196283,0.197507,0.204362,0.203852,0.197996
0.195890,0.197316,0.203969,0.204456,0.198369
0.195506,0.197086,0.203660,0.204394,0.199354
0.195057,0.196726,0.204480,0.203974,0.199763
0.194585,0.196255,0.206827,0.203387,0.198946
0.195008,0.196258,0.206538,0.203440,0.198757
0.194283,0.196221,0.204793,0.206656,0.198047
0.194473,0.196449,0.204638,0.206882,0.197557
0.194980,0.196784,0.203708,0.207237,0.197292
0.194956,0.196587,0.203336,0.206984,0.198138
0.194708,0.196186,0.204324,0.205796,0.198986
0.195146,0.196445,0.203912,0.205650,0.198848
0.198605,0.195409,0.201829,0.206444,0.197713
0.198591,0.195522,0.201872,0.206660,0.197355
0.199060,0.194877,0.202493,0.205897,0.197673
0.197610,0.194727,0.206882,0.203852,0.196928
0.197203,0.195613,0.207679,0.202496,0.197009
0.197728,0.196458,0.206097,0.202486,0.197232
0.196724,0.196771,0.206729,0.202790,0.196986
0.195564,0.196615,0.206035,0.204821,0.196966
0.195465,0.197076,0.204969,0.204668,0.197822
0.195627,0.197405,0.203771,0.204901,0.198296
0.194878,0.196699,0.201670,0.203794,0.202959
0.194751,0.196499,0.200584,0.203754,0.204412
0.194843,0.196587,0.199994,0.204456,0.204121
0.195038,0.196715,0.199759,0.206829,0.201658
0.194974,0.196531,0.199493,0.209472,0.199530
0.194455,0.196052,0.199645,0.211726,0.198122
0.194810,0.196367,0.200948,0.210394,0.197481
0.195152,0.196672,0.202093,0.209145,0.196938
0.194688,0.196183,0.201958,0.208869,0.198303
0.194944,0.196552,0.202040,0.208046,0.198417
0.195377,0.196994,0.202421,0.207177,0.198030
0.195504,0.198515,0.202145,0.205970,0.197866
0.195924,0.199210,0.201836,0.205182,0.197848
0.196275,0.199050,0.202168,0.204720,0.197787
0.196484,0.198697,0.201820,0.205327,0.197673
0.197886,0.197835,0.201461,0.205385,0.197433
0.197719,0.196536,0.200812,0.207616,0.197317
0.199079,0.195849,0.200507,0.207651,0.196914
0.198281,0.196013,0.201304,0.206896,0.197506
0.197573,0.196998,0.202255,0.205404,0.197770
0.196284,0.197070,0.202378,0.206552,0.197716
0.195384,0.196981,0.202799,0.206451,0.198384
0.195478,0.196994,0.202361,0.206565,0.198602
0.195451,0.197018,0.203770,0.205662,0.198100
0.196017,0.197518,0.203642,0.204791,0.198032
0.195982,0.197472,0.202892,0.206181,0.197473
0.195912,0.198022,0.202247,0.205877,0.197941
0.195980,0.198131,0.202207,0.205788,0.197894
0.195872,0.197881,0.202532,0.205564,0.198150
0.195500,0.197355,0.203145,0.206208,0.197791
0.195427,0.197416,0.202379,0.206450,0.198328
0.195594,0.197447,0.201460,0.206774,0.198725
0.195745,0.197373,0.202175,0.205542,0.199164
0.196567,0.197826,0.202286,0.203996,0.199325
0.196472,0.197606,0.202202,0.203570,0.200150
0.198042,0.197271,0.201988,0.203068,0.199631
0.198328,0.197712,0.202422,0.202461,0.199076
0.198323,0.198355,0.202710,0.201825,0.198786
0.197455,0.198180,0.202351,0.203647,0.198366
0.196306,0.197377,0.202330,0.205593,0.198394
0.195734,0.196889,0.203700,0.205287,0.198390
0.195227,0.196346,0.204002,0.205619,0.198806
0.194893,0.195860,0.203159,0.207392,0.198695
0.195552,0.195597,0.201777,0.209367,0.197707
0.195228,0.195437,0.200687,0.209967,0.198682
0.195401,0.196130,0.200581,0.208429,0.199459
0.195168,0.196323,0.200067,0.210119,0.198322
0.195521,0.196890,0.200348,0.209861,0.197380
0.195413,0.196705,0.200196,0.211470,0.196216
0.194938,0.196291,0.199937,0.213282,0.195551
0.194548,0.195908,0.200511,0.213001,0.196032
0.195125,0.195863,0.200816,0.211291,0.196905
0.194452,0.195112,0.201490,0.210970,0.197976
0.194582,0.194728,0.201485,0.210406,0.198799
0.196169,0.194631,0.201203,0.209385,0.198613
0.196731,0.195583,0.200970,0.208337,0.198379
0.196952,0.196696,0.200941,0.207616,0.197796
0.196649,0.197233,0.201026,0.207022,0.198069
0.196213,0.197165,0.200782,0.205212,0.200629
0.195395,0.196177,0.201219,0.204461,0.202749
0.195350,0.196092,0.201395,0.205644,0.201519
0.196147,0.196501,0.201251,0.206083,0.200018
0.196601,0.196945,0.200925,0.206547,0.198982
0.197964,0.196601,0.200516,0.207290,0.197628
0.196974,0.195692,0.199502,0.211835,0.195997
0.197442,0.195917,0.200568,0.210451,0.195623
0.196954,0.196222,0.201355,0.209125,0.196344
0.196791,0.196846,0.201511,0.207330,0.197521
0.196508,0.197082,0.202318,0.206330,0.197762
0.195957,0.196808,0.203586,0.205944,0.197706
0.195997,0.196968,0.203777,0.205838,0.197420
0.196536,0.197537,0.203838,0.204023,0.198065
0.196905,0.197871,0.204205,0.202718,0.198301
0.196762,0.197722,0.203231,0.202549,0.199736
0.196665,0.197588,0.202872,0.202297,0.200578
0.196709,0.197655,0.202126,0.203319,0.200192
0.195625,0.196528,0.200808,0.208220,0.198819
0.195265,0.196133,0.200962,0.208837,0.198804
0.195595,0.196149,0.200954,0.207532,0.199771
0.195177,0.195598,0.201209,0.206293,0.201722
0.195011,0.195518,0.202171,0.206217,0.201083
0.194568,0.195156,0.204464,0.205086,0.200725
0.194477,0.195145,0.204984,0.206233,0.199161
0.194832,0.195426,0.204227,0.206486,0.199029
0.194362,0.194573,0.203933,0.207047,0.200084
0.195086,0.193755,0.202872,0.206799,0.201488
0.194554,0.193430,0.202073,0.208028,0.201914
0.194730,0.194357,0.201794,0.207906,0.201213
0.195605,0.195675,0.202022,0.206528,0.200171
0.199051,0.195841,0.201735,0.204499,0.198873
0.198718,0.195709,0.201803,0.205575,0.198195
0.196390,0.194713,0.202614,0.208331,0.197953
0.200841,0.191604,0.202145,0.208825,0.196584
0.199640,0.191340,0.201863,0.207732,0.199424
0.196842,0.191791,0.202255,0.207638,0.201474
0.193973,0.192050,0.202182,0.209565,0.202230
0.192122,0.190893,0.201937,0.208306,0.206741
0.192349,0.192163,0.202811,0.207315,0.205362
0.192343,0.192884,0.203526,0.209168,0.202080
0.192972,0.193858,0.202827,0.209237,0.201107
0.193956,0.194979,0.202368,0.208582,0.200116
0.194870,0.195820,0.201989,0.207376,0.199946
0.194423,0.195272,0.201694,0.208902,0.199709
0.194160,0.194905,0.202933,0.207780,0.200221
0.194409,0.194992,0.203278,0.207318,0.200004
0.194795,0.195043,0.202635,0.207371,0.200156
0.194966,0.195101,0.202155,0.206165,0.201613
0.195384,0.195347,0.202326,0.204417,0.202525
0.195076,0.195140,0.202411,0.205645,0.201729
0.195472,0.195655,0.202444,0.205918,0.200511
0.194555,0.194779,0.201355,0.211360,0.197951
0.194066,0.194280,0.200695,0.211807,0.199152
0.194071,0.194302,0.200331,0.210331,0.200965
0.194363,0.194631,0.200735,0.208002,0.202269
0.192740,0.192902,0.201762,0.207974,0.204621
0.193377,0.193650,0.202402,0.207158,0.203412
0.193680,0.194019,0.201442,0.208985,0.201875
0.194177,0.194518,0.201810,0.208195,0.201301
0.194799,0.195083,0.202371,0.208273,0.199474
0.195690,0.195840,0.202399,0.207689,0.198382
0.196128,0.196273,0.202158,0.205929,0.199512
0.196214,0.196361,0.203483,0.204370,0.199573
0.196540,0.196748,0.203702,0.203254,0.199755
0.196656,0.196880,0.203195,0.203995,0.199274
0.196576,0.196812,0.202588,0.205092,0.198932
0.196405,0.196656,0.202434,0.203776,0.200729
0.196245,0.196549,0.202924,0.203816,0.200466
0.196223,0.196574,0.202947,0.204781,0.199476
0.196331,0.196755,0.203434,0.203609,0.199872
0.196341,0.196849,0.203333,0.203679,0.199798
0.196152,0.196675,0.203074,0.204722,0.199377
0.194377,0.194936,0.204000,0.208611,0.198076
0.194494,0.195108,0.203776,0.208556,0.198066
0.195096,0.195737,0.202590,0.208222,0.198355
0.195786,0.196395,0.202134,0.206428,0.199256
0.196111,0.196587,0.202272,0.205745,0.199285
0.195996,0.196430,0.203238,0.204246,0.200090
0.195006,0.195450,0.204608,0.203653,0.201283
0.194633,0.195103,0.204237,0.204173,0.201854
0.194687,0.195201,0.204155,0.203990,0.201967
0.195095,0.195598,0.203264,0.204010,0.202033
0.195467,0.196003,0.202289,0.203897,0.202343
0.194965,0.195572,0.201645,0.206550,0.201268
0.194032,0.197967,0.200409,0.208161,0.199432
0.194164,0.198459,0.200271,0.207211,0.199895
0.193356,0.196325,0.199015,0.210024,0.201281
0.192410,0.197237,0.198382,0.211376,0.200594
0.192541,0.196056,0.198949,0.212112,0.200341
0.193149,0.195198,0.200513,0.210576,0.200563
0.193606,0.194128,0.200988,0.209579,0.201700
0.193611,0.193645,0.200238,0.210758,0.201748
0.193929,0.193509,0.199618,0.211011,0.201932
0.195173,0.194501,0.199628,0.209270,0.201428
0.196160,0.195509,0.199802,0.207591,0.200939
0.196951,0.195774,0.199676,0.206623,0.200976
0.196901,0.196072,0.201519,0.204188,0.201320
0.195599,0.195282,0.201814,0.206935,0.200371
0.193838,0.193986,0.202141,0.209883,0.200152
0.193117,0.193660,0.201995,0.210682,0.200546
0.193467,0.194204,0.201612,0.209298,0.201419
0.193757,0.194610,0.200758,0.209275,0.201599
0.193735,0.194633,0.201373,0.208828,0.201432
0.192940,0.193984,0.200664,0.211944,0.200469
0.192882,0.194003,0.199580,0.213849,0.199687
0.193016,0.194275,0.199051,0.214824,0.198834
0.193437,0.194770,0.199445,0.214606,0.197742
0.192771,0.194126,0.199215,0.217712,0.196176
0.192866,0.194235,0.199699,0.217337,0.195863
0.193388,0.194687,0.200443,0.215410,0.196073
0.193854,0.195021,0.201301,0.212923,0.196902
0.194150,0.194202,0.200917,0.214245,0.196486
0.193928,0.193992,0.201147,0.213281,0.197652
0.192629,0.192818,0.200611,0.216218,0.197724
0.190933,0.191479,0.199693,0.219967,0.197927
0.190906,0.191720,0.199730,0.218991,0.198653
0.190671,0.191647,0.199756,0.219793,0.198133
0.189656,0.190546,0.201884,0.220366,0.197549
0.190139,0.190967,0.203205,0.218748,0.196940
0.190259,0.191062,0.203328,0.218697,0.196654
0.190640,0.191229,0.203445,0.217331,0.197355
0.190744,0.191317,0.201585,0.219578,0.196776
0.190633,0.191180,0.201681,0.219427,0.197078
0.190429,0.190574,0.202871,0.218470,0.197657
0.189898,0.189586,0.202444,0.221232,0.196841
0.191013,0.190858,0.201872,0.219307,0.196950
0.191383,0.191335,0.201496,0.219379,0.196406
0.190094,0.190197,0.201917,0.222487,0.195305
0.190337,0.190371,0.201793,0.222306,0.195194
0.190978,0.191111,0.200464,0.222393,0.195054
0.190777,0.190945,0.200182,0.223182,0.194914
0.191664,0.191794,0.200556,0.221148,0.194837
0.192705,0.192822,0.201006,0.218111,0.195357
0.193841,0.194070,0.200760,0.214625,0.196705
0.193608,0.193975,0.199713,0.213627,0.199077
0.194141,0.194622,0.200204,0.211773,0.199261
0.194309,0.194877,0.200151,0.210850,0.199813
0.195119,0.195532,0.200584,0.208914,0.199851
0.195214,0.195668,0.201504,0.208691,0.198922
0.195255,0.195839,0.202655,0.207862,0.198388
0.194420,0.195098,0.202527,0.210114,0.197841
0.193581,0.194338,0.201452,0.212133,0.198497
0.192763,0.193561,0.201004,0.212931,0.199740
0.192734,0.193517,0.200994,0.213157,0.199599
0.193591,0.194384,0.201209,0.211368,0.199447
0.192152,0.192978,0.200585,0.216758,0.197527
0.190770,0.191448,0.201415,0.219689,0.196677
0.190787,0.191188,0.200679,0.221595,0.195751
0.191147,0.191371,0.200631,0.221028,0.195823
0.191741,0.192125,0.200028,0.220477,0.195630
0.192049,0.192606,0.200251,0.219367,0.195728
0.192330,0.192993,0.200521,0.216781,0.197376
0.192268,0.192947,0.202148,0.214525,0.198112
0.192610,0.192433,0.202377,0.214776,0.197805
0.192461,0.192345,0.202148,0.214442,0.198604
0.192414,0.192322,0.201726,0.215253,0.198285
0.191131,0.191288,0.200961,0.218984,0.197637
0.190443,0.190796,0.200721,0.219358,0.198682
0.190693,0.191177,0.200622,0.217191,0.200317
0.191619,0.192177,0.201121,0.214800,0.200283
0.192330,0.192903,0.201553,0.213689,0.199526
0.191289,0.191791,0.203460,0.214088,0.199372
0.191024,0.191513,0.205749,0.213711,0.198003
0.191080,0.191409,0.207528,0.213738,0.196245
0.190120,0.190338,0.207696,0.216686,0.195160
0.190570,0.190839,0.206730,0.216806,0.195055
0.191246,0.191598,0.205507,0.216311,0.195339
0.191686,0.192060,0.204416,0.216032,0.195806
0.190048,0.190516,0.202810,0.219396,0.197230
0.188561,0.188917,0.203183,0.222942,0.196397
0.185761,0.186052,0.205264,0.225647,0.197276
0.185502,0.185819,0.205929,0.225616,0.197134
0.188188,0.186149,0.204619,0.224650,0.196394
0.188951,0.187315,0.204000,0.222384,0.197350
0.188767,0.186313,0.205666,0.221797,0.197458
0.189233,0.186996,0.204635,0.220365,0.198771
0.189840,0.188860,0.204088,0.217732,0.199478
0.188692,0.188711,0.207556,0.215158,0.199882
0.189301,0.189405,0.207750,0.213504,0.200040
0.189192,0.189523,0.206758,0.214247,0.200280
0.187395,0.187857,0.205692,0.219873,0.199183
0.186667,0.187244,0.208152,0.219723,0.198215
0.184944,0.185636,0.210170,0.219918,0.199332
0.184064,0.184792,0.208795,0.222100,0.200249
0.185398,0.186127,0.205558,0.223168,0.199749
0.185951,0.186222,0.201256,0.222251,0.204320
0.186589,0.186599,0.200754,0.219523,0.206536
0.188132,0.188318,0.201503,0.217040,0.205008
0.190061,0.190076,0.201875,0.215564,0.202424
0.190996,0.191309,0.201751,0.217107,0.198837
0.192652,0.192199,0.201625,0.216062,0.197462
0.192876,0.191865,0.201520,0.217085,0.196654
0.192201,0.191580,0.202308,0.217834,0.196078
0.190025,0.189965,0.202848,0.222684,0.194478
0.189251,0.189638,0.202324,0.224145,0.194642
0.189539,0.189110,0.201876,0.224093,0.195382
0.189163,0.188729,0.201271,0.225486,0.195351
0.188219,0.188270,0.200916,0.226176,0.196420
0.187563,0.187711,0.203681,0.223701,0.197345
0.187983,0.188404,0.203228,0.223347,0.197038
0.187680,0.188226,0.204030,0.222767,0.197298
0.190933,0.191654,0.203471,0.216842,0.197100
0.189917,0.190608,0.202328,0.217809,0.199338
0.189751,0.190158,0.201428,0.219086,0.199577
0.190107,0.190574,0.202256,0.219107,0.197955
0.190302,0.190621,0.202278,0.219305,0.197493
0.190683,0.190953,0.201259,0.219043,0.198062
0.190083,0.190902,0.199989,0.218965,0.200062
0.189195,0.190277,0.201046,0.220379,0.199103
0.187829,0.189117,0.200941,0.223011,0.199101
0.187985,0.189244,0.201107,0.223469,0.198195
0.188884,0.189948,0.201673,0.221840,0.197655
0.190049,0.191030,0.201667,0.219771,0.197482
0.191519,0.191389,0.201282,0.218934,0.196876
0.190730,0.190383,0.201993,0.220290,0.196604
0.190464,0.190117,0.202201,0.220362,0.196857
0.190108,0.190130,0.202428,0.220341,0.196994
0.191070,0.191550,0.202349,0.218339,0.196692
0.191949,0.192826,0.201994,0.216436,0.196795
0.192075,0.193258,0.202212,0.214852,0.197603
0.193043,0.194751,0.202058,0.212232,0.197915
0.193343,0.195075,0.201886,0.211988,0.197709
0.192797,0.194437,0.201054,0.214795,0.196917
0.193023,0.194554,0.201176,0.214099,0.197149
0.192620,0.194082,0.200704,0.212178,0.200417
0.192455,0.193878,0.202633,0.210562,0.200472
0.191745,0.193158,0.202461,0.213060,0.199575
0.190059,0.191334,0.200982,0.220669,0.196956
0.188770,0.190330,0.201378,0.221529,0.197993
0.188201,0.189831,0.202499,0.220694,0.198773
0.188869,0.190340,0.203902,0.218356,0.198533
0.189263,0.190607,0.202695,0.220954,0.196482
0.189522,0.190753,0.201090,0.223686,0.194949
0.191134,0.192245,0.200519,0.220683,0.195419
0.192802,0.193791,0.200857,0.216816,0.195735
0.193839,0.194836,0.202408,0.212263,0.196654
0.193042,0.194173,0.202378,0.213793,0.196615
0.192546,0.193753,0.202396,0.215066,0.196239
0.192407,0.193409,0.202369,0.215677,0.196139
0.193362,0.193225,0.203160,0.214479,0.195774
0.196750,0.192400,0.202152,0.212946,0.195753
0.196530,0.190928,0.202023,0.215659,0.194860
0.194770,0.191125,0.201363,0.213101,0.199641
0.193330,0.191775,0.201846,0.212318,0.200731
0.190335,0.190896,0.201499,0.210266,0.207005
0.188368,0.188706,0.199568,0.218599,0.204759
0.188826,0.190019,0.201217,0.218677,0.201262
0.189821,0.191761,0.203359,0.217175,0.197883
0.190560,0.192927,0.205372,0.214395,0.196746
0.191835,0.194281,0.205384,0.211393,0.197107
0.192637,0.195061,0.204458,0.209569,0.198276
0.193305,0.195665,0.203137,0.207628,0.200265
0.193908,0.196186,0.202405,0.206765,0.200736
0.193939,0.195739,0.201225,0.209617,0.199480
0.192901,0.194645,0.200372,0.213139,0.198943
0.192714,0.194558,0.201988,0.211953,0.198787
0.192940,0.194436,0.203344,0.210185,0.199095
0.193324,0.194936,0.203134,0.209802,0.198803
0.193663,0.195556,0.202932,0.208654,0.199196
0.193832,0.195780,0.202465,0.209329,0.198595
0.191550,0.193412,0.201653,0.217336,0.196050
0.190826,0.192663,0.202233,0.217729,0.196549
0.190264,0.192077,0.202753,0.218069,0.196838
0.189813,0.191621,0.202053,0.217536,0.198977
0.190863,0.191505,0.201092,0.217229,0.199311
0.189545,0.190294,0.203727,0.218600,0.197833
0.188718,0.189893,0.204941,0.220306,0.196142
0.188399,0.189964,0.207031,0.219889,0.194716
0.190790,0.188640,0.206525,0.221294,0.192751
0.189351,0.187685,0.204981,0.226115,0.191869
0.188125,0.188034,0.201640,0.227142,0.195059
0.187943,0.189195,0.199935,0.226386,0.196542
0.188945,0.190910,0.199132,0.224861,0.196152
0.189414,0.191719,0.199480,0.224313,0.195074
0.190434,0.192781,0.199327,0.223213,0.194244
0.191107,0.193272,0.199218,0.222323,0.194080
0.189928,0.191748,0.200270,0.224939,0.193116
0.189437,0.191168,0.201355,0.223318,0.194722
0.189022,0.190719,0.202077,0.222521,0.195660
0.188881,0.190679,0.202826,0.222229,0.195385
0.189792,0.191640,0.202813,0.219831,0.195924
0.188577,0.191022,0.202515,0.223086,0.194799
0.188142,0.190706,0.205187,0.220543,0.195422
0.188354,0.190037,0.205886,0.218474,0.197249
0.187891,0.190290,0.209498,0.215478,0.196844
0.186837,0.189288,0.209399,0.217913,0.196563
0.187573,0.190002,0.208731,0.217863,0.195831
0.188352,0.190673,0.206752,0.217880,0.196343
0.187555,0.189841,0.204409,0.221512,0.196682
0.187963,0.189449,0.204965,0.221410,0.196214
0.188544,0.190056,0.202946,0.222451,0.196003
0.189808,0.191438,0.202592,0.219887,0.196274
0.190205,0.192360,0.202823,0.217573,0.197039
0.191051,0.193361,0.203282,0.215243,0.197063
0.191625,0.193790,0.203057,0.214510,0.197018
0.191648,0.194337,0.201494,0.216281,0.196240
0.191506,0.193753,0.201663,0.215657,0.197422
0.190726,0.192903,0.202098,0.214865,0.199409
0.189118,0.191377,0.203541,0.216323,0.199640
0.191574,0.193935,0.203406,0.211923,0.199162
0.190817,0.193065,0.202643,0.214278,0.199196
0.190836,0.192998,0.202034,0.215366,0.198767
0.190953,0.193161,0.203239,0.214561,0.198086
0.191631,0.193916,0.204930,0.211868,0.197655
0.190471,0.192738,0.204671,0.214903,0.197217
0.189921,0.192193,0.205694,0.216180,0.196011
0.189610,0.191294,0.206848,0.216481,0.195767
0.189688,0.191124,0.204977,0.219161,0.195050
0.190313,0.191887,0.206110,0.217037,0.194654
0.190684,0.192604,0.204217,0.218266,0.194228
0.193215,0.195385,0.202619,0.213249,0.195533
0.189271,0.190939,0.204399,0.220808,0.194583
0.188030,0.189223,0.206973,0.219632,0.196142
0.188106,0.189496,0.205243,0.219756,0.197399
0.189531,0.191379,0.203314,0.217252,0.198525
0.191228,0.193358,0.202777,0.213660,0.198977
0.192067,0.194374,0.202543,0.212348,0.198669
0.191989,0.193084,0.200548,0.217256,0.197123
0.189566,0.191165,0.199917,0.222243,0.197110
0.186763,0.188880,0.198882,0.220010,0.205465
